(0.8816228058805008, -0.8101942344519293)
(0.0,)
(-2.0, 0.0)
infinity
(0.12,)
(-1.5,)
(-8.0,)
()
(2.142857142857143,)
(-1.8,)
(-0.7727272727272727,)
()
()
()
(0.0,)
(0.0,)
(0.0,)
(-0.6296296296296297,)
()
()
(0.0,)
(-1.6666666666666667,)
(0.038461538461538464,)
(-0.7882864872040396, 0.3382864872040396)
(0.6069769786668839, -0.6069769786668839)
(3.4285714285714284,)
(1.4935674633827183, -0.35071032052557544)
(2.5,)
(0.14285714285714285,)
(0.0,)
(-8.363636363636363,)
(-2.2222222222222223,)
(-1.0869565217391304,)
(-0.5866666666666667,)
(1.0476190476190477,)
(-0.0,)
()
(0.34,)
(0.4090909090909091,)
(-0.75,)
(0.0,)
()
(0.75, -0.75, 0.0)
(1.5510863437426523, -1.5510863437426523)
(0.0,)
(1.1764705882352942,)
(-0.2958163163244893, 0.7243877448959178)
(0.9380412610742103, -2.842803165836115)
(-0.0, -4.0)
(-25.96221026172381, 0.4622102617238113)
(-0.0,)
(-0.4,)
(-0.359375,)
()
(0.0,)
()
(0.0,)
(0.9020130793834712, -0.9020130793834712)
()
()
(1.1992526066863953, -1.1992526066863953)
()
()
(0.6428571428571429,)
(6.666666666666667,)
(0.5266901252632287, 1.3865776256489228, -0.5266901252632287, -1.3865776256489228)
(0.4974335667718929, -0.4974335667718929)
()
infinity
(1.6,)
(-0.0, -0.10526315789473684)
(-1.024548045110924, 0.3578813784442573)
(0.5080498837291494, -3.9366213123005784)
(1.2617625550017648, -1.2617625550017648)
(0.6633249580710799, -0.6633249580710799, 0.0)
(0.0,)
()
(0.0,)
(1.2637349331064338, -1.2637349331064338)
(0.7071067811865476, -0.7071067811865476)
()
()
(0.8770580193070292, -0.8770580193070292)
(0.629940788348712, -0.629940788348712)
(-0.0, -2.0)
(0.0, 1.2583057392117916, -1.2583057392117916)
()
(1.805680815170969, -1.805680815170969)
(-60.0,)
()
()
(0.0, -0.11785113019775792, 0.11785113019775792)
(1.4834009629499112, -1.4834009629499112)
(0.0,)
(-1.0,)
(-1.2,)
(-1.3125,)
(-1.2391304347826086,)
(-0.927536231884058,)
(0.9185366757601053, -0.9185366757601053)
()
(1.0976913442567686, -1.0976913442567686)
(-0.2823868446883383, 1.847604235992686)
(0.15208159298318769, 10.959029518127924)
(4.363636363636363, -0.0)
(-0.625,)
(0.21153846153846154,)
()
(-0.9063269671749656, 0.9063269671749656)
(-0.4090909090909091,)
(-8.0,)
(0.07142857142857142,)
(-0.0,)
()
()
(-12.0,)
(0.0,)
(-0.29411764705882354,)
()
(1.96277342250721, -1.96277342250721)
(0.7293630885248394, -0.7293630885248394)
()
(-2.0,)
()
(-0.0,)
(3.3333333333333335,)
(-0.0,)
infinity
(0.0,)
infinity
(-1.9166666666666667, 0.0)
(1.5894388284780525, -1.5894388284780525)
(1.4953487812212205, -1.4953487812212205)
()
(0.0,)
(3.2175067918125384, -3.2175067918125384)
(0.0,)
(0.1213335012478041, 3.6858212356915727, -3.6858212356915727, -0.1213335012478041)
(0.9606657382773282, -0.9606657382773282)
()
(-0.0,)
()
(0.0, 1.4666666666666666)
(2.345207879911715, -2.345207879911715)
(0.7016879391277372, -0.7016879391277372)
(0.5801732440766862, -0.5801732440766862)
()
(-0.6176470588235294,)
(6.181818181818182,)
(-0.0,)
()
(25.471121771072845, -0.4711217710728466)
(-1.880524068959956, 0.3249685134044004)
(0.0, 1.0, -1.0)
(0.0,)
()
()
()
(0.5856596027429395, -0.5856596027429395)
(-0.23539597107551044, 1.6520626377421772)
()
()
(0.0,)
(-0.0, -1.875)
(0.8942225274382146, -1.08539899802645)
(5.347785223604529, 0.20777033195102726)
(3.8461538461538463, -2.0)
(-3.4285714285714284,)
infinity
(0.06666666666666667,)
(0.0, 1.4638501094227998, -1.4638501094227998)
()
(1.075928982528917, -1.075928982528917)
(5.5, -0.0)
()
(-3.776448221739567, -0.06355177826043303)
(0.0,)
()
(0.30895465546979506, -0.30895465546979506)
()
(-0.75,)
(0.875,)
(0.8571428571428571,)
(0.7777777777777778, -0.0)
()
(-0.6035721881266678, -17.39642781187333)
infinity
(0.30303030303030304,)
(0.0, 0.8017837257372732, -0.8017837257372732)
()
(1.256258514939932, -1.256258514939932)
(0.9668748227329913, -0.9668748227329913)
()
(1.9578900207451218, -1.9578900207451218)
(0.9128709291752769, -0.9128709291752769)
(0.0,)
()
(0.0,)
()
(-2.3476798574163293, 7.347679857416329)
()
()
(0.0, 1.95)
(1.8,)
(-0.26666666666666666,)
(0.9045340337332909, -0.9045340337332909)
()
(0.0,)
(-0.18478260869565216,)
(-0.6923076923076923,)
(-0.48484848484848486,)
(0.35714285714285715,)
(-3.0,)
(-5.333333333333333,)
(3.872983346207417, -3.872983346207417)
(0.3990352789732973, -4.340595678721378, 4.340595678721378, -0.3990352789732973)
(0.17497275755629296, 1.723190219944724, -0.17497275755629296, -1.723190219944724)
(1.0, 4.0, -4.0, -1.0)
()
()
(-3.6666666666666665,)
(-0.14583333333333334,)
()
()
()
()
(0.7565295800451343, -0.12016594368149795)
()
(-0.816496580927726, 0.816496580927726)
(-0.0,)
(-0.6363636363636364, 0.0)
()
(0.5349525359847835, -0.5349525359847835)
(0.4714045207910317, -0.4714045207910317)
(2.1766915302352445, -2.1766915302352445)
()
(0.6364941774700904, -0.6364941774700904)
()
(1.6599761215390334, -1.6599761215390334)
()
(1.2973943164922266, -1.2973943164922266)
(0.0, 0.8944271909999159, -0.8944271909999159)
()
(-0.5833333333333334,)
(-0.0,)
(-0.3684210526315789,)
(8.0,)
(0.0,)
(0.0,)
(0.7248710979336691, -0.7248710979336691)
()
()
(2.588235294117647,)
(-0.0,)
(-1.6252272554496594, 1.364357690232268)
()
(1.1666666666666667, -0.0)
(0.8454049169021287, -0.8454049169021287)
(0.9179793266668136, -0.9179793266668136)
(0.0,)
(-0.25757575757575757,)
(0.0,)
(0.6838911999336902, -0.6838911999336902)
(1.2385192681968016, -1.2385192681968016)
()
(2.0029651870183347, -2.0029651870183347)
(0.0, 0.8451542547285166, -0.8451542547285166)
(0.5424890657063486, -0.5424890657063486)
(0.25,)
(1.8333333333333333,)
(0.575,)
()
(-0.6666666666666666,)
(0.9146279116246874, 5.6853720883753125)
infinity
(0.0,)
(1.4260145455620565, -1.4260145455620565)
()
()
()
(0.4781123974310087, -0.4781123974310087)
(1.665923520356362, -1.665923520356362)
()
(0.0, 0.75, -0.75)
()
(-0.0,)
(7.0,)
()
(2.0869565217391304,)
(3.125,)
(0.5238095238095238,)
(0.9444444444444444,)
(0.0625,)
(0.0,)
(-2.0, 2.0)
()
()
(-15.38748988126698, 0.05415654793364647)
(-0.7619047619047619,)
(-0.9230769230769231,)
(0.9333333333333333,)
(-1.8474900530269451, 2.371299576836469)
(9.720153254455276, -0.7201532544552753)
(-1.2653861660436714, 1.1195528327103381)
(2.0,)
(-0.06944444444444445,)
(2.25,)
(-0.3055555555555556,)
(0.36363636363636365,)
(-0.8333333333333334,)
(-1.4,)
(1.0952380952380953,)
(0.0,)
(0.0,)
(1.7320508075688772, -1.7320508075688772)
()
(1.0161642898046537, -1.0161642898046537)
(0.790265241872677, -0.790265241872677)
(0.6882472016116853, -0.6882472016116853)
(0.816496580927726, -0.816496580927726, 0.0)
()
(3.5294117647058822,)
(2.0,)
()
(-0.1111111111111111,)
()
(0.0,)
(-1.0620192023179804, 7.06201920231798)
(-1.1666666666666667,)
(-1.6329931618554518, 1.6329931618554518)
(0.751758907567302, -1.1201799601988809)
(-0.0,)
(-7.0,)
(0.46153846153846156, -0.6666666666666666)
()
()
()
()
(1.0625, -0.0)
(0.9128709291752769, -0.9128709291752769, 0.0)
(1.2178832856309068, -1.2178832856309068)
(0.0, 0.2041241452319315, -0.2041241452319315)
(-1.5151884243699782, 0.47518842436997827)
()
(0.5507246376811594,)
(1.189207115002721, -1.189207115002721)
()
()
(1.1610035151032059, -1.1610035151032059)
(0.7759408729688365, -0.7759408729688365, 2.3233415077548027, -2.3233415077548027)
(0.0,)
()
(0.9444444444444444,)
()
(1.7037037037037037, -0.0)
(-0.0,)
(-0.073554003793371, -2.4719005416611743)
(-1.2222222222222223, 0.0)
infinity
(0.3692744729379982, -0.3692744729379982)
()
(0.723528928609856, -0.723528928609856)
()
(1.8481917228052116, -1.8481917228052116)
(2.0443701895132245, -2.0443701895132245)
(-0.0,)
(0.0,)
(-0.0, -8.0)
(-0.28268588315119014, 4.898070498535805)
()
(-7.211102550927978, 7.211102550927978)
(0.0,)
(0.8242872507629466, -0.8242872507629466)
(-6.0, 2.0)
()
()
(4.666666666666667,)
(0.4074074074074074,)
(-0.7903406622699163, 0.5176133895426436)
(0.223606797749979, -0.223606797749979)
(-1.931673414287978, 0.7441734142879779)
()
()
(0.5901456034615429, -0.5901456034615429)
infinity
(1.1846943527559144, -1.1846943527559144)
(0.9663930977514084, -0.9663930977514084, 2.9267873822022734, -2.9267873822022734)
()
(0.9809436521275706, -0.9809436521275706)
()
(0.30797212287186493, -0.30797212287186493)
(0.5090774199512083, -0.5090774199512083)
(0.8660254037844386, -0.8660254037844386)
(0.9304102600320945, -0.9304102600320945)
()
()
()
()
(0.0,)
()
(1.0719751295801838, -1.0719751295801838)
(0.32798643171089154, -0.32798643171089154)
(0.0,)
(1.6366341767699428, -1.6366341767699428)
()
(2.0,)
(0.0,)
()
(-1.261349584030074, 7.92801625069674)
()
()
(-7.264505524153816, -0.06882780917951632)
(-0.2260058246500556, -13.273994175349944)
(0.6832263858564718, -1.9139956166257026)
(-2.5495097567963922, 2.5495097567963922)
()
(0.0,)
()
(0.0,)
()
(-0.0, -4.8)
(1.875,)
(-2.2222222222222223,)
()
()
(0.5773502691896257, -0.5773502691896257)
(0.5527251091911687, -0.5527251091911687)
(1.7700263167126786, -1.7700263167126786)
(-5.5,)
(-1.375,)
()
(-0.0, -4.0)
()
infinity
()
(0.0,)
(-0.0,)
(-0.0,)
(0.0,)
(0.0,)
(0.0,)
()
()
()
()
(0.18778241429746373, 2.6626561484503806, -0.18778241429746373, -2.6626561484503806)
(0.82915619758885, -0.82915619758885)
(-0.6683697381429301, 0.8160970108702028)
(-0.5420661208648787, 1.2479484738060553)
(19.0,)
(0.9166666666666666,)
()
(1.0833333333333333,)
(-5.555555555555555,)
(0.7238284109626818, 5.526171589037318)
()
()
()
()
(-2.910611655066539, 0.1963259407808248)
(-0.0, -0.8181818181818182)
(-0.8563488385776753, 0.8563488385776753)
()
(0.7627627415262819, -0.7627627415262819)
()
(0.9025781008464308, -0.9025781008464308, 4.145522014399688, -4.145522014399688)
(1.2357425765234957, -1.2357425765234957)
()
(1.3333333333333333,)
()
(0.9036020036098449, -0.9036020036098449)
(0.8253530662927734, -0.8253530662927734, 2.243452257180177, -2.243452257180177)
()
(-0.41801110252838863, -5.581988897471611)
(0.0,)
(0.0,)
(0.8944271909999159, -0.8944271909999159)
(0.7626357520108036, -0.7626357520108036)
()
()
(-9.358898943540673, -0.6411010564593264)
(1.379152869605896, 0.12084713039410418)
(-0.25,)
()
()
(0.0, 1.9436506316151, -1.9436506316151)
()
()
(0.0,)
(-0.2727272727272727,)
(1.108495283014151, -3.608495283014151)
(-0.032488909919145804, 1.2824889099191459)
()
(0.0,)
()
()
(0.0,)
(-0.7559289460184545, 0.7559289460184545)
()
(0.10526315789473684,)
(-1.5714285714285714,)
(1.9452989835235552, -2.5702989835235552)
(-0.7319250547113999, 0.7319250547113999)
()
(0.6546536707079772, -0.6546536707079772)
(-0.4159777731716483, 2.1034777731716483)
(0.3392857142857143, -0.0)
(0.0,)
(0.09375,)
(-0.16666666666666666,)
infinity
(-0.0,)
(-1.5833333333333333,)
(1.0,)
(1.2222222222222223,)
(0.0,)
(0.5891311978610949, -0.5891311978610949)
(0.5725750253456667, -0.5725750253456667)
()
(0.0,)
(0.5625,)
infinity
(0.0,)
(0.44216081377157646, -0.44216081377157646, -5.983685638029863, 5.983685638029863)
(1.0787572621349817, -1.0787572621349817)
(0.42857142857142855,)
(-0.0,)
(1.2716107614293704, -1.2716107614293704)
()
(0.8885233166386386, -0.8885233166386386)
(1.2875855064777684, -1.2875855064777684)
(0.0,)
(0.0, 3.605551275463989, -3.605551275463989)
(-2.5714285714285716,)
(0.26666666666666666,)
(3.125,)
(0.041666666666666664, -1.0)
(-1.3093073414159544, 1.3093073414159544)
(0.0, 0.5773502691896257, -0.5773502691896257)
()
(2.162769574430611, -2.162769574430611)
(1.5566733769039591, -1.5566733769039591)
()
()
(-0.0,)
(0.25396825396825395,)
(-0.5,)
(-1.4666666666666666,)
()
()
(0.0,)
(1.0, -1.0)
()
(0.7489748143947791, -0.7489748143947791)
infinity
()
()
()
()
()
()
(0.07,)
(-0.0,)
infinity
(0.0, 0.1346153846153846)
()
(0.4655231258043112, -6.751237411518597)
(-0.0, -1.6666666666666667)
(0.0, 0.5454545454545454)
()
infinity
()
()
()
(-1.2996763279388206, 0.9068191850816777)
()
()
(0.75,)
(0.0,)
()
(-4.0,)
(0.0,)
(1.5386099088495826, -1.5386099088495826)
()
(-0.38095238095238093,)
(-0.0,)
(0.0,)
(0.9585724646138185, -0.9585724646138185, 2.0201828704560856, -2.0201828704560856)
()
(3.0,)
(1.25,)
()
()
(0.523085552749934, -0.523085552749934)
()
()
(0.32025630761017426, -0.32025630761017426)
(0.0,)
(0.6557220663804052, -0.6557220663804052)
(0.6904573083274564, -0.6904573083274564)
(1.4666666666666666,)
()
(5.75,)
(-0.3216990566028302, 0.6216990566028302)
(-1.5148529341438952, 1.5603074795984406)
(0.23529411764705882,)
(2.869565217391304,)
(0.0,)
(0.6517727218342235, -0.6517727218342235)
(0.0, 3.0983866769659336, -3.0983866769659336)
(-10.5,)
(-0.2638888888888889,)
(-0.8695652173913043, 0.0)
(-0.8025869728387506, -0.15574636049458282)
(0.5, 0.6666666666666666)
(1.0583346657814585, -1.0583346657814585)
(0.7880974287896295, -0.7880974287896295, 2.151488424959608, -2.151488424959608)
()
(0.17192100849587363, -1.2245525874432421)
(3.0, -3.0)
()
()
(-0.5833333333333334,)
(-0.0, -0.5)
(1.4666666666666666,)
(-30.0,)
()
(0.09901951359278509, -10.099019513592784)
()
(-0.375, -0.3333333333333333)
(-2.5708295107001464, 1.9708295107001466)
(-12.0,)
(-2.75,)
(0.11140667793496066, 1.6028790363507537)
()
(-0.3333333333333333,)
(-0.0,)
()
(0.0,)
()
()
(0.0,)
(1.1937472849690796, -13.19374728496908)
(-0.6831300510639732, 0.6831300510639732)
(-5.625,)
(-12.754462863060951, 1.25446286306095)
(1.3963140172507382, -1.312980683917405)
(-0.625,)
(0.0,)
(1.189207115002721, -1.189207115002721)
(0.0,)
(0.5473136969025019, -0.3806470302358352)
(0.5,)
infinity
()
()
()
()
()
(1.6265765616977859, -1.6265765616977859)
(-0.0, -6.666666666666667)
()
()
()
(-0.0, -1.0588235294117647)
()
(2.720458187585567, -2.720458187585567)
(0.0, 0.8215838362577492, -0.8215838362577492)
(1.224744871391589, -1.224744871391589)
()
(0.0,)
(-0.0,)
()
()
()
(2.75,)
(-0.0,)
(0.0,)
()
(0.0, 1.4142135623730951, -1.4142135623730951)
(0.16666666666666666,)
(0.16666666666666666,)
(0.7034954889744489, -0.7034954889744489, 1.9421021506757226, -1.9421021506757226)
(1.2135447172876137, -1.2135447172876137)
(0.0,)
(0.127402957814422, -6.377402957814422)
(-0.6622776601683795, 5.66227766016838)
(-1.8736102527122116, 0.3736102527122116)
(-1.619047619047619,)
infinity
()
(0.0,)
()
(2.5,)
(-1.1111111111111112,)
(-0.0, -0.2361111111111111)
()
(-0.0,)
(0.30784613538904476, -0.9745128020557114)
()
(-1.9719601443879746, 0.9719601443879746)
(0.0,)
(1.1010366218849916, -1.1010366218849916)
()
(-3.729831416689963, -0.6511209642624177)
(-4.051922129594314, -0.14807787040568635)
()
(0.6324555320336759, -0.6324555320336759)
(0.8069935904519661, -0.8069935904519661)
(0.0, 0.6546536707079771, -0.6546536707079771)
(-2.5,)
()
(1.6956521739130435,)
(0.42424242424242425,)
(0.0,)
(-0.2222222222222222,)
()
(0.1680567951716647, 1.2984770417232425, -0.1680567951716647, -1.2984770417232425)
(0.6162758287595508, -0.6162758287595508)
infinity
(1.51657508881031, -1.51657508881031)
()
(0.75,)
(-1.059924597826912, 2.4765912644935786)
(-1.1566039579139833, 18.156603957913983)
(1.0,)
(6.0,)
()
()
()
(0.6030226891555273, -0.6030226891555273)
(0.8389220432467739, -0.8389220432467739)
()
(-5.625, 0.0)
(4.101792124923722, -0.46542848856008556)
()
infinity
(3.111111111111111,)
(0.5,)
(-2.0357142857142856,)
(-0.18963890687475557, 2.856305573541422)
()
(-3.130434782608696,)
()
(-0.5454545454545454,)
(-0.4266666666666667,)
(-6.666666666666667,)
(1.8888888888888888,)
(12.5,)
infinity
(0.0,)
()
(0.0,)
(0.3296902366978935, -0.3296902366978935)
()
(0.0,)
(-0.59375,)
(1.063197220895953, -1.063197220895953)
()
()
()
(-1.1666666666666667,)
()
()
()
(0.8298053098983292, -0.8298053098983292)
(1.4358108555129503, -1.4358108555129503)
(0.0,)
()
(1.314922030302521, -1.314922030302521)
(0.0,)
()
(-0.9759000729485331, 0.9759000729485331)
(0.8888888888888888,)
(0.140625,)
(-1.5,)
(1.2,)
(1.9230769230769231,)
(-0.1,)
(-0.09523809523809523, 0.0)
()
()
(-21.0,)
(-0.25,)
()
()
(1.3731780959380784, -1.3731780959380784)
()
(-0.0, -13.5)
(-1.8, 0.0)
(-1.0526315789473684,)
()
(0.8173795513524071, -0.25487955135240714)
()
(0.8253651699595166, -0.8253651699595166)
(0.887115333244545, -0.887115333244545)
()
(1.9593044254904415, -0.3402568064428226)
()
()
(0.7941176470588235,)
(0.8095238095238095,)
(0.0, 2.449489742783178, -2.449489742783178)
()
(0.9843614212984251, -0.9843614212984251)
(0.15151515151515152,)
(0.0,)
(-0.85,)
infinity
(0.4090909090909091,)
()
()
(0.8318466507887001, -0.8318466507887001, 2.249006702873876, -2.249006702873876)
(0.0, -0.4803844614152614, 0.4803844614152614)
(-0.0, -2.0)
(0.0,)
(1.0, -2.3333333333333335)
(-0.5714285714285714,)
(-2.5253140406166303, 0.7919807072832972)
()
()
(0.0,)
(0.0,)
(-38.0,)
(0.0,)
()
(-0.5238095238095238,)
(0.20454545454545456,)
(1.7777777777777777,)
()
()
(0.0,)
infinity
(-0.0,)
(0.44017832740781765, 2.4096147078071333, -0.44017832740781765, -2.4096147078071333)
(0.6873378439677924, -0.6873378439677924, 2.0316413778641413, -2.0316413778641413)
(-5.307135408163603, 5.307135408163603)
(-0.4,)
(4.6,)
(1.0, -1.0)
(0.6030226891555273, -0.6030226891555273, 0.0)
()
(-1.8968052532744766, 1.2301385866078098)
(0.4642857142857143,)
(-10.0,)
(-5.0,)
(-0.0, -0.19444444444444445)
(1.7836116248912244, -0.6407544820340815)
(0.8091067115702213, -0.8091067115702213)
(2.048087147952699, -2.048087147952699)
()
(-0.0,)
(1.0, -0.2857142857142857)
(0.5217391304347826,)
(-1.894736842105263,)
(24.0,)
(-11.615773105863909, 3.6157731058639087)
()
(0.648074069840786, -0.648074069840786)
(0.7745966692414834, -0.7745966692414834, 0.0)
(0.0,)
(0.862201798696238, -0.862201798696238)
(1.7074764851741444, -1.7074764851741444)
()
()
()
(0.0, 3.142857142857143)
()
(0.25,)
(0.8491821094987799, -0.8491821094987799)
()
(0.0, 1.2747548783981961, -1.2747548783981961)
(2.2677868380553634, -2.2677868380553634)
(-0.6666666666666666, 0.0)
(1.852128216871593, -0.6299059946493709)
(-0.0,)
(2.111111111111111,)
(-2.0,)
(-1.0274023338281628, 1.0274023338281628)
()
(0.24444444444444444,)
(-0.16666666666666666,)
(0.7348889200874659, -0.7348889200874659)
(2.8284271247461903, -2.8284271247461903)
()
(0.0,)
()
(0.825583370379035, -0.825583370379035)
(0.0,)
(0.0,)
(0.0,)
(0.7083333333333334,)
(-0.25,)
()
()
()
(-0.9282462066400597, 1.0324128733067264)
(-10.677765459457637, -0.6555678738756973)
(13.68465843842649, 1.3153415615735096)
()
(1.034669038331323, -1.034669038331323)
(0.7368378552206152, -0.7368378552206152)
(0.0,)
(0.0, 1.2649110640673518, -1.2649110640673518)
()
()
(2.917564163306204, -2.917564163306204)
(0.22522412707019648, -0.22522412707019648)
(0.18333333333333332,)
(-0.6349206349206349,)
(-0.0,)
(-0.6666666666666666, 0.0)
()
(-0.9683749459844423, 1.635041612651109)
(-0.6060606060606061,)
(-0.47000611992582686, 1.0154606653803724)
(-1.75,)
(-0.0392156862745098,)
(0.18181818181818182,)
(0.7857142857142857,)
()
(1.1524085173298704, -1.0412974062187592)
(0.0, 2.0)
(1.8516401995451028, -1.8516401995451028)
()
(1.3038404810405297, -1.3038404810405297)
()
(-1.0,)
(-0.0, -3.0)
(1.1254628677422756, -1.1254628677422756)
(0.7230314135280284, -0.7230314135280284, 3.387805421663361, -3.387805421663361)
()
(0.05,)
(0.0,)
(-0.1568627450980392,)
()
(-0.0,)
(5.0,)
(0.0,)
()
()
()
(-1.05,)
(1.3076923076923077,)
(-2.23606797749979, 2.23606797749979)
(-0.8660254037844387, 0.8660254037844387)
(0.0,)
()
(1.2058330007147382, -1.2058330007147382)
()
(-0.7071067811865475, 0.7071067811865475)
(0.0, 12.5)
()
()
(1.634255053986067, -1.634255053986067)
(1.3038404810405297, -1.3038404810405297)
(0.9571419261171384, -0.9571419261171384)
(0.0,)
(0.5533409598501607, -0.5533409598501607)
(4.0,)
(-1.1111111111111112,)
(-0.12,)
(-3.2,)
()
()
(1.1700935897240996, -1.1700935897240996)
(0.0,)
(1.0504068586670314, -1.0504068586670314)
(0.37796447300922725, -0.37796447300922725)
()
()
(-0.26666666666666666,)
(2.0,)
()
()
()
(0.0,)
(0.75,)
(0.1956521739130435,)
(1.5165750888103102, -1.5165750888103102)
(-0.3333333333333333,)
(-0.9090909090909091,)
()
()
(-1.2110601416389966, 1.2110601416389966)
(1.0, 2.23606797749979, -2.23606797749979, -1.0)
(3.589980365360774, -3.589980365360774)
()
(-1.009452332255751, 0.25945233225575104)
(1.769140587790531, -2.331640587790531)
infinity
(0.0,)
(0.8602758535121413, -0.8602758535121413)
(1.8946559089556179, -1.8946559089556179)
(4.260776661041756, -0.26077666104175595)
(-9.57444578254611, 0.5744457825461096)
(-2.0, 0.0)
(2.2,)
(-0.5652173913043478,)
(0.0,)
()
(1.083614616344818, -1.083614616344818)
(1.6666666666666667, -2.0)
(3.267949192431123, 6.732050807568878)
(0.8742244403836518, -3.9218434880026996)
()
(0.4704530864928068, -0.4704530864928068)
(0.0,)
(-2.1333333333333333, 0.0)
()
(1.0833333333333333, -0.0)
()
()
(0.9883681160254085, -0.9883681160254085)
(-23.269427669584644, -0.730572330415356)
(0.0,)
(0.2727272727272727,)
(0.43544631971910386, -0.43544631971910386)
(2.7386127875258306, -2.7386127875258306)
()
(2.0625,)
(0.0,)
(0.512989176042577, -0.512989176042577)
(4.615384615384615,)
(15.0,)
(0.0, 1.7320508075688772, -1.7320508075688772)
(2.581988897471611, -2.581988897471611)
(0.0, 0.9405399431259602, -0.9405399431259602)
(1.4285714285714286, -0.6666666666666666)
(0.0, 0.9375)
(-0.0, -0.14583333333333334)
(2.1739130434782608,)
(-1.6428571428571428,)
(9.440763653560053, 1.0592363464399472)
(1.0,)
(-0.8087574972492002, 1.4837574972492003)
(0.6546536707079771, -0.6546536707079771, 0.0)
()
(0.17149858514250885, -0.17149858514250885)
()
()
(0.3333333333333333, -0.0)
(0.0,)
(0.0,)
()
()
(-0.375, 0.0)
()
(0.8408964152537146, -0.8408964152537146)
(0.6848508089628756, -0.6848508089628756)
(0.0,)
()
(4.774416289382399, -1.6494162893823994)
()
()
(-1.7763592142382107, 1.2138592142382107)
(-4.946771952625839, -0.3032280473741613)
(0.3125,)
(-0.05555555555555555,)
(0.6666666666666666,)
(3.0,)
(4.166666666666667,)
(-1.4615384615384615, 0.0)
(0.25, -4.25)
(0.9744582440390744, -0.9744582440390744)
(0.0, 0.6030226891555273, -0.6030226891555273)
(1.3154689667450317, -1.3154689667450317)
(-0.7,)
()
(1.143543749793731, -1.143543749793731)
()
(1.6,)
(1.108046348710254, -1.108046348710254)
()
(0.0,)
(-3.1666666666666665,)
(-1.0,)
()
()
()
(1.1970625469456073, -1.1970625469456073)
(1.1161041049537983, -1.1161041049537983)
(1.4529663145135578, -1.4529663145135578)
(0.8333333333333334,)
(0.3076923076923077,)
(0.0, 0.8571428571428571)
(13.648529270389178, -1.6485292703891776)
()
()
()
(1.260174702907341, -1.260174702907341)
(0.0,)
(1.1428571428571428,)
(-0.7595545253127499, 0.7595545253127499)
(-0.44817353168366175, 0.9187617669777794)
()
(-0.48418747299222115, 0.8175208063255545)
()
(-0.0,)
()
()
(0.659380473395787, -0.659380473395787)
(4.5, -0.0)
(-1.875, -0.5)
(2.2058823529411766,)
()
()
(-0.48,)
(9.5,)
()
(0.20942951206896712, -3.6380009406403957)
()
()
(1.6153846153846154,)
(-2.1486538262316723, 1.0577447353225815)
(0.0,)
(0.0, 0.8333333333333334)
(1.161662724270991, -1.161662724270991)
()
(0.0,)
()
(3.6999133544230425, -3.6999133544230425)
(1.5968719422671311, -1.5968719422671311)
(0.816496580927726, -0.816496580927726, 3.4641016151377544, -3.4641016151377544)
(0.0,)
(0.6015756590215822, -0.6015756590215822)
(1.1009637651263606, -1.1009637651263606)
(0.0,)
(1.4422633080456022, -1.4422633080456022)
infinity
(-4.0,)
(0.7559289460184544, -0.7559289460184544)
()
(1.0540925533894598, -1.0540925533894598)
(-0.6867091508195567, -0.13868767457726877)
()
(1.8571428571428572, -0.0)
(-2.111111111111111,)
(0.8,)
(-0.6153846153846154,)
(0.7272727272727273,)
(0.0, 0.9759000729485332, -0.9759000729485332)
(0.0, 1.4142135623730951, -1.4142135623730951)
(1.4089362404699683, -1.4089362404699683)
()
()
(0.43650540411842087, -24.43650540411842)
()
(-4.333333333333333, 0.0)
(-0.0,)
(0.0,)
()
(1.3768238535625972, -1.3768238535625972)
()
(0.0,)
(0.0,)
(1.6153846153846154,)
()
(15.75,)
(-0.16666666666666666,)
(0.6052631578947368,)
(0.7,)
(0.16666666666666666,)
(-0.0,)
(-0.328125,)
(-2.0856463647766623, 0.9189796981099955)
(1.037696375604906, -0.8948392327477631)
(-1.275,)
(2.823529411764706,)
(0.9554427922043668, -0.9554427922043668)
(1.4474937289114918, -1.4474937289114918)
(1.0598171822671347, -1.0598171822671347)
(0.0, 3.0)
()
()
(0.6147881529512644, -0.6147881529512644)
(0.47053684162283493, -0.47053684162283493)
()
()
(-0.0,)
()
(1.2222222222222223,)
(9.333333333333334,)
()
(-0.8897416603094103, 1.628872095092019)
(-1.2848326194419548, -5.915167380558045)
()
(0.8131780921973379, -0.8131780921973379)
(0.0,)
(-0.6363636363636364,)
()
(-0.0, -0.2777777777777778)
(0.9,)
(-0.7887885053796065, 0.4409624184230848)
(0.4427116210782264, -0.4427116210782264)
()
(1.2544287883091993, -1.2544287883091993)
(-0.23809523809523808,)
(0.0,)
(-0.32, 0.0)
(-0.9021238207535377, 0.27712382075353775)
()
(-0.728713553878169, 0.22871355387816905)
(-0.26666666666666666, 0.0)
(-1.04756642847342, 0.9112027921097837)
(0.24242424242424243,)
(-3.2,)
infinity
(-0.75,)
(-0.22727272727272727,)
(0.28867513459481287, -0.28867513459481287)
(2.087614602683753, -2.087614602683753)
(1.2549900398011133, -1.2549900398011133)
(-11.5,)
()
(1.5957249741005224, -1.5957249741005224)
()
()
()
(-2.7857142857142856,)
(0.30303030303030304,)
(1.5454545454545454,)
()
infinity
(-1.4314539065631522, 0.9314539065631522)
(0.8744746321952062, -0.8744746321952062)
()
(0.0,)
(1.1268065884241738, -1.1268065884241738)
(0.0,)
(0.0,)
(-1.2266666666666666,)
()
()
()
(0.0, 0.8, -0.8)
(-0.0, -5.0)
(-0.9013878188659973, 0.9013878188659973)
()
()
()
(1.0435719533096066, -1.0435719533096066)
()
(-0.3076923076923077,)
(3.909394937570708, -2.1316171597929303)
(0.022821971341071556, 5.477178028658928)
(0.8798034326832843, -4.546470099349951)
()
infinity
(1.0317854887740736, -1.0317854887740736)
()
(0.8958767251794407, -0.8958767251794407)
(-0.0,)
(1.5,)
(-0.013326133959662891, -1.0422294215958925)
()
()
()
(0.5,)
(0.5217391304347826,)
(1.25,)
()
(0.4472135954999579, -0.4472135954999579)
(0.0, 1.9493588689617927, -1.9493588689617927)
(0.6502487192867958, -1.0252487192867958)
(-2.8763293360508073, 1.0429960027174745)
()
()
(0.3198063112958354, 2.680193688704165)
(1.6533119314590374, -6.653311931459037)
(1.76,)
()
()
(0.6123724356957945, -0.6123724356957945)
(0.0, 2.449489742783178, -2.449489742783178)
(-0.17391304347826086,)
(-2.5555555555555554,)
(0.04, -0.0)
(-1.6921134470680457, -9.307886552931954)
(0.0, 0.6)
(0.7529586373193689, -0.7529586373193689)
()
()
(-1.96875,)
(-1.2247448713915892, 1.2247448713915892)
(0.0,)
()
(-0.0, -1.3333333333333333)
(-2.0755500039102976, 0.48180000391029787)
(11.25,)
(-1.7333333333333334,)
(-0.6428571428571429,)
(1.25,)
(0.9648571584702385, -0.9648571584702385)
(1.8774599446171765, -1.8774599446171765)
()
(1.054247532817802, -1.054247532817802)
()
(0.4727867609996877, -4.095909261522211, 4.095909261522211, -0.4727867609996877)
(-4.5,)
(22.0,)
(0.19245008972987526, -0.19245008972987526)
(-1.6153846153846154, 1.0)
(-1.0,)
(-0.0,)
(4.0,)
(-0.0,)
(-0.4782608695652174,)
()
(2.0,)
(0.8288194330092782, -0.8288194330092782)
(0.6614378277661477, -0.6614378277661477)
(1.1353129845965273, -1.1353129845965273)
(0.659326599809753, -0.659326599809753)
(1.224744871391589, -1.224744871391589)
(0.0,)
(0.3965601210023245, -0.3965601210023245)
(0.0,)
(0.0,)
(1.4598094649867859, -1.4598094649867859)
(0.0,)
(0.0,)
