(0.38095238095238093,)
(6.39511759062415, 0.9382157427091832)
()
(0.0,)
(-0.9,)
(-4.5,)
(1.6, -0.0)
(0.0,)
(3.6923076923076925,)
(-0.3125,)
(-0.0, -0.2222222222222222)
(-0.4772727272727273,)
(0.0625,)
()
()
(-4.802775637731995, -1.1972243622680054)
()
(-0.20833333333333334,)
(0.4583333333333333,)
()
(-0.7725968977395403, 1.2943360281743228)
(-0.944911182523068, 0.944911182523068)
(0.0,)
(6.8,)
(-0.4691228748935476, 0.556079396632678)
(0.0, 1.1428571428571428)
infinity
()
(-0.9628032908908376, -0.10386337577582913)
(-0.7834012390162561, 0.9010482978397855)
(-0.8744917943265997, 2.5411584609932665)
(-1.8333333333333333,)
(-1.625,)
(0.1492752608218595, -5.0242752608218595)
(0.2, -0.0)
(2.167148269726605, -0.34106131320486577)
()
(-0.5882352941176471,)
(-0.234375,)
()
(0.6311470950673511, -0.6311470950673511)
(0.0,)
()
(0.43149285626396466, -0.43149285626396466)
()
(-1.2727272727272727,)
(-4.235294117647059,)
(1.3333333333333333,)
()
(-0.06060606060606061, 0.0)
(0.88309518948453, -0.28309518948453)
(0.0, 3.473684210526316)
(-0.9583333333333334,)
(1.170173659660358, -1.170173659660358)
()
()
(-0.6666666666666666,)
()
(1.0173978273092248, -1.0173978273092248)
(1.878148837861795, -1.1056929695165785, 1.1056929695165785, -1.878148837861795)
(0.5919291775278327, -0.5919291775278327)
()
(3.8095238095238093,)
(-0.6488856845230501, 0.6488856845230501)
(-0.0,)
(-0.10666666666666667,)
(-0.9475853131106611, -13.719081353556007)
(2.4494897427831783, -2.4494897427831783)
(-0.9176948467891832, 0.7718615134558499)
(1.4142135623730951, -1.4142135623730951)
(1.620185174601965, -1.620185174601965)
(0.0, 1.0408329997330663, -1.0408329997330663)
(1.2961629193947106, -1.2961629193947106)
()
(1.118033988749895, -1.118033988749895)
(0.875,)
(1.3846153846153846,)
(-0.9545454545454546,)
infinity
(19.0,)
(-8.333333333333334,)
(-1.8461538461538463,)
(-0.0,)
(0.5731135132886751, -0.6397801799553418)
(-1.9047619047619047,)
(-0.0,)
(0.6666666666666666, -0.0)
(0.0, 0.4)
(0.8857317107032198, -1.0662872662587752)
()
(2.280350850198276, -2.280350850198276)
()
(1.12,)
infinity
()
()
()
(8.333333333333334,)
(1.3333333333333333,)
(0.318406827616244, -0.318406827616244)
(0.0,)
(0.9287697200009627, -0.9287697200009627)
(1.1636178070022218, -1.1636178070022218)
()
(1.0465362369445672, -1.0465362369445672)
(0.68,)
(-0.3333333333333333,)
(2.2037682265918312, -0.4537682265918311)
(-0.5306623862918075, 1.1306623862918075)
(1.6618920607963696, -0.12343052233483139)
(-0.6521739130434783,)
()
(0.4347208719449914, -0.4347208719449914)
(0.0, 0.5773502691896257, -0.5773502691896257)
()
(-1.2470640279947047, 3.818492599423276)
()
(-0.08184476327220391, 4.581844763272204)
()
()
()
()
()
()
()
(0.537284965911771, -0.537284965911771)
(0.0,)
(4.0,)
(-28.5,)
()
(-0.0,)
()
(2.9497666778393192, -2.9497666778393192)
()
(0.0,)
(0.0,)
(0.7952707287670506, -0.7952707287670506)
(0.7142857142857143,)
(1.3333333333333333,)
(0.5714285714285714,)
()
(-0.9,)
(-0.039473684210526314,)
()
()
()
(0.9088932591463859, -0.9088932591463859)
(-6.333333333333333,)
(0.7391304347826086,)
(-0.9333333333333333,)
(0.3,)
()
()
(7.920831252080734, -0.4208312520807329)
(0.0,)
(0.0, 0.46188021535170065, -0.46188021535170065)
(1.7604032247166512, -1.7604032247166512)
(-0.029411764705882353,)
(-2.75,)
()
(2.5,)
(-0.0,)
(0.18181818181818182,)
()
(0.8467827962250954, -0.8467827962250954)
(0.0,)
(8.794361719689457, 1.7056382803105437)
(0.2857142857142857, -0.0)
()
(1.0,)
(6.428571428571429,)
(2.3076923076923075,)
(0.7272727272727273,)
(-2.1097722286464435, 7.109772228646444)
(-7.0,)
(-1.2086110247450885, -0.31519849906443526)
(0.8701328825299788, -0.8701328825299788)
(1.7997960891057767, -1.7997960891057767)
(0.0,)
(0.7745966692414834, -0.7745966692414834)
(-1.8647033314583632, -0.3575188907638591)
(-0.04141651471174817, 6.8985593718546045)
(0.4714045207910317, -0.4714045207910317)
()
()
(1.6,)
(-4.5,)
()
(0.2608695652173913,)
(-0.05,)
(-10.495452665613636, 0.4954526656136345)
(0.0, 8.363636363636363)
(0.29025630976740907, 3.2811722616611623)
(1.5,)
(-0.6496627627019866, 1.6061845018324212)
(-0.6,)
()
(1.1214556273174348, -0.7643127701745775)
(0.8881501211769413, -0.8881501211769413)
()
infinity
infinity
()
()
(0.33166247903553997, -0.33166247903553997)
()
()
()
(0.0,)
(1.1904761904761905,)
(-0.29411764705882354,)
(2.9814239699997196, -2.9814239699997196)
(-0.0, -0.13636363636363635)
(0.0625,)
(0.8006648474316226, -0.8006648474316226)
()
()
(0.6947172579907818, -0.7197172579907818)
(-0.8828591334360402, -4.983807533230627)
(0.0912559660863326, -1.043636918467285)
(-0.0,)
(-0.5303300858899106, 0.5303300858899106)
(-2.116515138991168, -0.28348486100883197)
(-0.0,)
()
(0.2300190115671786, 2.4842667027185357)
(2.23606797749979, -2.23606797749979)
()
(0.0,)
(-2.806493779875511, 1.3064937798755112)
(35.74823934929885, 0.2517606507011507)
(-1.7142857142857142,)
()
()
(0.0,)
(0.0, 2.25)
(-0.6044705248269889, 0.6044705248269889)
(0.0,)
()
()
(0.9574271077563381, -0.9574271077563381)
(0.8408964152537145, -0.8408964152537145)
()
(1.6903085094570331, -1.6903085094570331)
()
(0.6509792011160569, -0.6509792011160569)
(0.9306048591020996, -0.9306048591020996)
(-1.5384615384615385,)
(-0.0,)
(-1.3333333333333333,)
(69.0,)
(1.0, -1.0)
(0.7559289460184544, -0.7559289460184544)
(0.0,)
(1.0,)
(-0.0,)
(14.0,)
(0.0,)
()
(0.0, 1.2060453783110545, -1.2060453783110545)
()
()
(-4.25, 0.0)
(0.30434782608695654, -0.0)
(0.7071067811865476, -0.7071067811865476)
(1.3256811780600422, -1.3256811780600422)
(0.2943529817881344, -0.2943529817881344)
()
(5.017479536659265, 0.23252046334073473)
(0.8333333333333334,)
(2.4375,)
(1.3333333333333333,)
(1.116515138991168, -0.7165151389911679)
()
(1.210748363610645, -0.6607483636106452)
(9.0, -0.0)
()
(0.2857142857142857,)
(1.2297330914133824, -1.2297330914133824)
()
(1.7320508075688772, -1.7320508075688772)
(-3.05206097986845, 1.80206097986845)
()
(-0.140625, 0.0)
()
(1.296277786908968, -1.296277786908968)
()
(-0.5,)
(2.5584085962673253, -2.5584085962673253)
()
(0.5222329678670935, -0.5222329678670935, 0.0)
(0.7745966692414834, -0.7745966692414834)
()
(1.3846153846153846,)
()
(-0.5,)
(-1.4074074074074074,)
()
(0.4737332753738847, -0.4737332753738847)
(0.0,)
(0.0,)
(1.2458766237546568, -1.2458766237546568)
(0.3429971702850177, -0.3429971702850177)
(2.3498207498794703, -2.3498207498794703)
(0.0,)
()
()
(-0.2,)
(0.4,)
(-0.25,)
(8.301162633521313, -0.30116263352131334)
(0.0,)
(0.08333333333333333,)
(0.875,)
(-0.0,)
(0.8360903660371601, -0.8360903660371601)
(1.3859235459248973, -1.3859235459248973)
()
(-1.5,)
()
infinity
()
(1.489947452065614, -0.4130243751425371)
(4.0,)
(2.0,)
(0.6666666666666666,)
(-0.7628288812586796, 0.8739399923697908)
()
(-0.6666666666666666, 0.0)
()
(-0.0,)
()
()
(0.0,)
(0.0,)
(-0.0,)
(0.8700825504149166, -0.8700825504149166)
(0.9128709291752769, -0.9128709291752769, 0.0)
()
(2.2921815286300964, -2.2921815286300964)
(0.7240416959076812, -0.7240416959076812)
(0.5555238068023582, -0.5555238068023582)
(5.75,)
(2.0,)
()
(0.7821221434068668, -0.7821221434068668, 2.391990444405241, -2.391990444405241)
(0.9621837670790776, -0.9621837670790776)
()
()
()
(7.622939000300691, 0.04372766636597566)
()
(0.5, -0.0)
(0.9066666666666666,)
(0.5,)
()
()
(1.6113010897357531, -1.6113010897357531)
(-0.25,)
infinity
(5.882352941176471,)
(0.9411764705882353,)
infinity
(-0.0,)
(2.0801234497346432, -0.0801234497346434)
()
(0.51081363987475, -1.601722730783841)
(-0.125,)
()
(-3.693996372821899, 0.9797106585361846)
(1.118033988749895, -1.118033988749895)
()
(-0.375,)
()
(1.2877547884506972, -1.2877547884506972)
(0.8666415730847504, -0.8666415730847504)
(0.0,)
()
(0.0, 1.0690449676496976, -1.0690449676496976)
(1.4142135623730951, -1.4142135623730951)
(2.153929037375617, -2.153929037375617)
()
(1.0442250752085445, -1.0442250752085445)
(-0.41602514716892186, 0.41602514716892186)
(2.182511932172665, -0.08727383693456996)
(-0.5714285714285714, 0.0)
(-0.17647058823529413,)
(-0.043478260869565216, 0.0)
(0.12, -0.0)
(0.0,)
()
(0.4948456339958832, -0.4948456339958832)
(-0.5625,)
(-0.3333333333333333,)
()
()
(1.5928877558361672, -1.5928877558361672)
(1.375,)
(2.260869565217391,)
(-0.5272022514033471, 0.8129165371176328)
(0.3295846992801212, -3.901013270708692)
()
(0.2857142857142857,)
(-0.0,)
(0.08819977167820638, -1.193462929572943)
(-1.647508942095828, 1.647508942095828)
(6.25, -0.0)
(-1.2063492063492063,)
(1.0227272727272727,)
(25.0,)
(0.0,)
(2.696799449852968, -2.696799449852968)
()
(0.8829469814285535, -0.8829469814285535)
(1.3245004389407955, -1.3245004389407955)
(0.6630823274355859, -0.6630823274355859)
(1.0877573059372772, -1.0877573059372772)
(0.0, 1.4142135623730951, -1.4142135623730951)
()
(1.4610787012713073, -1.4610787012713073)
()
()
(-8.755248859601851, -0.2447511403981488)
(0.7008766440504623, -0.7008766440504623)
(0.17149858514250885, -0.17149858514250885)
(-0.30594663676362543, 0.6809466367636254)
(0.6666666666666666,)
(0.8076923076923077,)
(2.0,)
(0.44,)
(0.3692744729379982, -0.3692744729379982, 0.0)
(0.0,)
()
(80.42276586281548, -0.42276586281547424)
(0.65625, -0.0)
(0.10233317727843623, 0.8143334893882305)
(1.9535855704134708, -1.477668237146713, 1.477668237146713, -1.9535855704134708)
(0.6354889093022426, -0.6354889093022426, 0.0)
(1.0954451150103321, -1.0954451150103321)
(1.060811245260492, -1.060811245260492)
(0.0, 0.8819171036881969, -0.8819171036881969)
()
(1.0976913442567686, -1.0976913442567686)
(0.0, 2.7688746209726918, -2.7688746209726918)
()
(0.1111111111111111,)
(-0.3333333333333333,)
(0.0,)
()
(1.3662601021279464, -1.3662601021279464)
(1.0408329997330663, -1.0408329997330663)
(1.1747898189398427, -1.1747898189398427)
(2.0548046676563256, -2.0548046676563256)
()
(1.109766408477273, -1.109766408477273)
(0.0,)
(0.8839043713887562, -0.8839043713887562)
(0.0,)
(1.1493274542167078, -1.1493274542167078)
()
(2.7142857142857144,)
(-0.21739130434782608,)
()
(0.875,)
(-0.0,)
(1.0305103666172457, -1.0305103666172457)
(0.0,)
(1.85338382749305, -1.85338382749305)
(1.0, -1.0)
()
()
(0.0, 1.4375)
(1.3770145580216688, -1.210347891355002)
()
(0.0,)
infinity
(-0.528679622641132, -0.15132037735886794)
(-0.0,)
(1.543779416938678, -4.210446083605345)
(-2.0,)
(-0.0,)
(0.6785714285714286,)
(-1.0588235294117647,)
()
(0.9511897312113419, -0.9511897312113419, 0.0)
(1.5595969236548053, -1.5595969236548053)
()
(-0.08695652173913043,)
()
(0.0,)
(-0.0,)
()
(1.894736842105263,)
(0.8740320488976421, -0.8740320488976421, 2.288245611270737, -2.288245611270737)
(2.136839811642051, -2.136839811642051)
(0.0,)
infinity
()
(-2.191814514585994, 0.8071991299706097)
(0.4736089085178457, -0.4021803370892743)
(0.5424033230031584, -0.13168903728887274)
()
()
(0.0,)
(1.1138100130373225, 3.809124211004125, -3.809124211004125, -1.1138100130373225)
()
(1.6456040840813808, -1.6456040840813808)
(1.5075567228888183, -1.5075567228888183)
(0.0,)
(0.5555238068023582, -0.5555238068023582)
(1.3333333333333333,)
infinity
(-0.8571428571428571,)
(-0.8,)
(3.527920349827204, -3.527920349827204)
(0.0,)
(0.0,)
(0.5454545454545454,)
(-0.816496580927726, 0.816496580927726)
(-1.3389182747034138, 0.47528191106705026)
(1.4901960784313726,)
()
()
(-0.328125,)
(1.3189118648541909, -1.3189118648541909)
(0.9391044157537525, -0.9391044157537525)
(0.7071067811865476, -0.7071067811865476, 2.1213203435596424, -2.1213203435596424)
()
(2.5758057654089788, -2.5758057654089788)
(1.2149105880370825, -1.2149105880370825)
()
()
(1.5220462510565833, -1.5220462510565833)
(0.0,)
()
(1.0426478854384245, -1.0426478854384245)
(0.8571428571428571,)
infinity
infinity
(0.4166666666666667,)
()
(0.0,)
(2.5, -2.5)
(0.2599058001190416, -0.8015724667857083)
()
(20.488088481701517, -0.4880884817015154)
()
()
(1.051716323551419, -1.051716323551419)
(0.0,)
(0.0,)
(1.0,)
(-0.0,)
(1.1879083720980474, -1.1879083720980474)
(0.0, 3.605551275463989, -3.605551275463989)
(0.0, 0.5477225575051661, -0.5477225575051661)
(3.1622776601683795, -3.1622776601683795)
()
(-0.8528028654224418, 0.8528028654224418)
()
(-66.0,)
(-1.1666666666666667,)
(0.9444444444444444,)
(-3.3333333333333335,)
(-0.175,)
(0.16666666666666666,)
(-1.5833333333333333,)
(2.1818181818181817,)
(-0.5,)
(1.588235294117647,)
(0.2075020534942801, 1.1359032666248434, -0.2075020534942801, -1.1359032666248434)
(1.3228756555322954, -1.3228756555322954)
()
(0.6454972243679028, -0.6454972243679028)
(0.3779644730092272, -0.3779644730092272, 2.8284271247461903, -2.8284271247461903)
()
(-2.3877869729890824, 2.5127869729890824)
()
()
(0.0, 2.6666666666666665)
(-0.1548809642880958, -1.3451190357119043)
(-1.147961544633331, 0.6896282112999977)
(0.27664477659123443, -0.27664477659123443)
()
(0.7071067811865476, -0.7071067811865476)
(0.8775854441999608, -0.8775854441999608, -0.36033843554130823, 0.36033843554130823)
()
(0.9478905761825984, -0.9478905761825984)
()
(0.0,)
()
(-0.08888888888888889,)
(-0.0,)
(0.0,)
(-0.0,)
(-0.0,)
()
(-0.0, -0.043478260869565216)
()
infinity
(0.19047619047619047,)
(0.0,)
(-1.375,)
(-0.3125,)
(2.0,)
()
(0.5847357715713878, -0.5847357715713878)
(0.0,)
(3.2,)
(-0.9583333333333334,)
(0.0,)
(-0.0, -0.3333333333333333)
()
()
(2.4165547439928052, -2.4165547439928052)
(0.0,)
(-0.0,)
(3.2,)
(-0.0,)
(0.0,)
(-1.3333333333333333,)
(-0.06944444444444445,)
(-6.415339366124404, -1.1846606338755958)
(1.879522267336586, -1.1736399143954095)
()
(-0.1321687612368736, 15.132168761236873)
(-0.0,)
(-0.1875,)
()
(-0.16666666666666666,)
(-0.22727272727272727,)
(0.0,)
(6.25,)
(2.588235294117647,)
(-0.6111111111111112,)
(-0.3684210526315789,)
(-2.857142857142857,)
(0.11486751733454441, 2.176420330143375, -0.11486751733454441, -2.176420330143375)
(0.0,)
(0.0,)
()
(0.9629053850735959, -0.9629053850735959)
(0.0,)
(-0.21428571428571427,)
(-0.7333333333333333,)
(1.2,)
(9.5,)
(1.375,)
()
(-0.6546536707079771, 0.6546536707079771)
(-0.12,)
infinity
(-8.0,)
(-0.35714285714285715,)
(-0.8, 0.625)
(-0.0,)
()
(1.8126539343499315, -1.8126539343499315)
()
()
(-1.25,)
(-0.0,)
(0.0,)
()
(0.0,)
(0.857643919054713, -0.857643919054713)
(0.0,)
(0.5400617248673217, -0.5400617248673217, 0.0)
()
()
()
(0.0,)
(0.6841976352120883, -0.6841976352120883)
(0.0, 2.309401076758503, -2.309401076758503)
(-1.7648594616121187, 1.6148594616121188)
(-6.841076904402541, 0.3410769044025403)
()
(-0.38095238095238093,)
(-16.0,)
()
(1.5035879292684402, -1.5035879292684402)
(0.6050003337060557, -0.6050003337060557)
(0.0,)
(0.0,)
(0.46153846153846156,)
(-0.6666666666666666,)
()
(-0.7559289460184545, 0.7559289460184545)
()
()
(1.3710708685497444, -1.3710708685497444)
()
()
(0.8,)
(0.0,)
(-0.0,)
(0.16, -0.0)
()
()
(0.0, 0.7071067811865476, -0.7071067811865476)
()
(1.1711979260634495, -1.1711979260634495)
()
(0.6,)
(0.0, 1.632993161855452, -1.632993161855452)
()
(0.0,)
(1.7782794100389228, -1.7782794100389228)
(0.4945431233858182, -0.4945431233858182, 2.022068355037765, -2.022068355037765)
(0.0,)
(8.27078533000628, -0.770785330006281)
(1.6666666666666667, -3.0)
()
(-3.6666666666666665,)
(1.2,)
()
(0.7811419749151299, -0.7811419749151299)
()
(1.1131437581526322, -1.1131437581526322)
infinity
(0.7571060476864608, -0.7571060476864608)
(0.0, 0.2619047619047619)
(-0.45,)
(0.3713330212235391, 1.7953336454431277)
(0.4166666666666667,)
()
(0.0,)
(-0.14035087719298245,)
(-3.764705882352941,)
(-1.0,)
(0.75,)
()
()
()
(0.0, 16.5)
(0.2916666666666667,)
(0.5735393346764045, -0.5735393346764045)
(0.6882472016116854, -0.6882472016116854)
(-0.07998242515827657, 1.9890733342491855)
(-13.0, 0.0)
(0.19325369882111204, 2.1124992326370107, -0.19325369882111204, -2.1124992326370107)
()
(0.4472135954999579, 0.408248290463863, -0.4472135954999579, -0.408248290463863)
(0.5454545454545454,)
(-1.3333333333333333,)
infinity
(-14.0,)
(12.553107699116893, -0.053107699116894246)
(0.20833333333333334,)
(0.0, 1.3333333333333333)
()
(0.5858333956805787, -0.4267424865896696)
(-1.3900304476982819, 1.4837804476982819)
(0.0, 1.263157894736842)
(-0.3,)
(-0.5228432179395724, 0.7875491002925136)
(-0.0,)
(0.5079365079365079,)
(0.0,)
(0.0,)
(0.0, 0.9807692307692307)
()
(0.0,)
(0.6136363636363636,)
(-4.444444444444445,)
(0.0,)
(-12.0,)
()
()
(0.7071067811865476, -0.7071067811865476)
()
(-0.0,)
(-0.0, -0.48)
(-0.55,)
()
(-0.4057971014492754, 0.0)
(-0.375,)
(10.0,)
(1.187713569009046, -1.187713569009046)
(0.0,)
(0.0,)
()
()
(0.9517714251567704, -0.9517714251567704)
(0.8364119572164828, -0.8364119572164828)
()
(3.9,)
(9.5, -0.0)
(-0.7381131805051053, -8.636886819494894)
(1.224744871391589, -1.224744871391589)
()
(1.42391194659359, -1.42391194659359)
()
(0.6216150419897497, -0.6216150419897497)
(0.661780260198578, -0.661780260198578, 1.181262130327065, -1.181262130327065)
()
()
(-0.48445055785964874, -3.715549442140351)
infinity
()
()
(3.0927786989579986, -0.5927786989579985)
(-0.0, -15.0)
(-3.3846153846153846,)
(-0.0, -0.75)
()
infinity
(0.0, 2.142857142857143)
(0.0, 0.5208333333333334)
()
(-0.0,)
(0.3960590171906697, -0.3960590171906697)
()
(0.824739115080456, -0.824739115080456)
(1.9322175245951663, -1.9322175245951663)
(0.0, 0.9813067629253163, -0.9813067629253163)
(0.6928203230275509, -0.6928203230275509, 0.0)
(-0.49088492082374113, 2.928384920823741)
(2.074977147908594, -0.9638660367974826)
(0.39669988705817283, -0.10503322039150616)
()
infinity
(-0.9004829715882486, 1.0411079715882487)
(1.0901589296574767, -1.0901589296574767)
(0.7390826562265695, -0.7390826562265695)
(1.3355192341899178, -1.3355192341899178)
(-0.6666666666666666,)
(1.6666666666666667,)
(-0.027777777777777776,)
(-4.888888888888889,)
(0.0,)
(0.0,)
(-9.5,)
(-2.3333333333333335,)
(-0.2982456140350877,)
(0.0,)
()
(0.0, 0.565685424949238, -0.565685424949238)
()
(-96.0,)
(-0.0,)
()
(0.0,)
(0.816496580927726, -0.816496580927726)
(8.269696007084729, -1.269696007084728)
(0.0,)
(0.2,)
(0.0,)
(0.5245767722056167, -0.5245767722056167, 0.43169163948447975, -0.43169163948447975)
(1.4469175499545381, -1.4469175499545381)
(-0.7575757575757576,)
()
(7.464101615137754, 0.5358983848622453)
(-19.2,)
(1.5384615384615385,)
(1.1532778497985214, 4.624499927979256)
()
(0.0,)
()
()
(1.8930931072993575, 4.291409848417611, -4.291409848417611, -1.8930931072993575)
(0.8607962779968806, -0.5393677065683092)
(1.0952380952380953,)
(0.17430609056700136, 1.0756939094329987)
(-9.2,)
(-0.17857142857142858,)
(-0.38095238095238093,)
(4.0,)
(0.5385502560688455, -0.8510502560688455)
(0.988948579979592, -0.988948579979592)
()
(0.0,)
(0.0,)
(0.0,)
()
(-1.5833333333333333, 0.0)
(0.0, 1.2727272727272727)
(-1.1195177250978539, 1.0917399473200762)
()
()
()
(-0.0, -1.9285714285714286)
(-0.0,)
(1.5275252316519465, -1.5275252316519465)
(0.0,)
(0.8773826753016617, -0.8773826753016617)
(0.5096214752682806, -0.5096214752682806)
(0.0,)
(0.5922922398683256, -0.5922922398683256)
(0.2303831257313915, 2.506044083553114, -0.2303831257313915, -2.506044083553114)
()
(-0.0,)
()
(-0.8910435465742146, 0.7481864037170717)
(-27.0, 0.0)
(-0.26666666666666666,)
()
(0.041265766014256786, -0.5769800517285425)
(0.6580370064762463, -0.6580370064762463)
()
()
()
(0.7862032312253616, -0.7862032312253616)
(0.0,)
()
(-0.0,)
(-0.16666666666666666,)
()
()
(-1.3797905433758588, -0.031974162506494166)
(-3.6666666666666665, 0.0)
()
(0.49577106137013227, -0.49577106137013227)
(1.9405062321658844, -1.9405062321658844)
(-0.6414260866165888, 0.17988762507812736)
()
(-0.0,)
(-2.0,)
(0.0,)
(-0.7245330321551275, 0.6134219210440164)
(-0.09375, 0.0)
()
(-4.898979485566356, 4.898979485566356)
(1.1237755513538168, 2.1182843317598854, -2.1182843317598854, -1.1237755513538168)
(1.0322411719324622, -1.0322411719324622)
(0.0,)
(-0.0, -1.3333333333333333)
(0.0, 2.0)
(-1.4488487623921202, 0.721576035119393)
(1.493320611066885, -1.493320611066885)
()
(0.0, 2.6457513110645907, -2.6457513110645907)
()
()
()
(-1.1471808598447282, 2.3971808598447284)
()
(0.08501058049911182, 1.3572971118085806)
(12.0,)
infinity
()
()
()
(-3.4601075237738272, 0.2601075237738275)
(-0.0, -1.875)
(-1.8708286933869707, 1.8708286933869707)
()
(-0.7272727272727273,)
()
()
(0.0,)
(1.3261184545667553, -1.3261184545667553)
(0.21925051458440956, -0.21925051458440956)
()
(-2.625,)
(1.0173066525365388, -1.0173066525365388)
(0.7071067811865476, -0.7071067811865476)
()
(9.333333333333334,)
(1.9129303226906762, -0.8712636560240096)
(-5.666666666666667,)
(1.1362193664674993, -1.1362193664674993)
(1.1551103304107608, -1.1551103304107608)
(0.0,)
(0.21320071635561044, -0.21320071635561044, 0.0)
()
()
(0.0,)
()
(0.0,)
(-1.5, 0.0)
()
(-0.0, -0.5454545454545454)
(1.1017948946749012, -0.403382196262203)
(-0.0, -1.3333333333333333)
()
()
(1.4621879736731072, -0.9358721841994229)
(0.7554135460285484, -0.6354135460285484)
(0.0,)
(0.0,)
()
(-0.0, -7.6)
(0.44,)
(0.9628063427527062, -0.6294730094193728)
()
(0.25,)
(-0.5,)
(-0.05555555555555555,)
(0.0,)
(-0.0, -1.0)
(1.131370849898476, -1.131370849898476)
()
()
(1.048660754518899, -1.048660754518899)
()
(0.0,)
()
(0.7062257748298549, -0.9062257748298549)
(0.0, 3.1622776601683795, -3.1622776601683795)
()
(0.2721655269759087, -0.2721655269759087)
(-1.0, 4.333333333333333)
(1.75,)
(-0.3333333333333333, -0.6666666666666666)
(0.8974405248809273, -0.8974405248809273)
(0.7426960167947326, 1.4543277805583943, -0.7426960167947326, -1.4543277805583943)
()
(-0.4,)
(8.333333333333334,)
()
()
(0.5067893290703778, -0.5067893290703778)
(8.0,)
(-2.933333333333333,)
(2.0954451150103326, -0.09544511501033223)
(3.2857142857142856, -4.0)
(-0.23617320385539928, -3.342774164565653)
(0.0,)
(0.0, 1.1920791213585393, -1.1920791213585393)
()
(3.5,)
(6.857142857142857,)
(-0.0,)
()
(-3.6666666666666665,)
(-8.666666666666666,)
(-0.0,)
(0.16666666666666666,)
(-1.7435897435897436,)
(-0.36363636363636365,)
infinity
(-0.46153846153846156, -2.0)
(0.6752906845740277, -5.775290684574028)
(1.3922317316522967, -1.4963983983189635)
(2.0,)
()
()
(1.4697778401749317, -1.4697778401749317)
(0.8510570397781791, -0.8510570397781791, 1.4862823582271762, -1.4862823582271762)
(1.6363636363636365,)
(0.0,)
()
()
(0.48428231857133364, -0.48428231857133364)
(0.0,)
(0.0,)
()
(-0.0, -2.1)
(0.2777777777777778,)
(-1.4104888490557383, 1.5468524854193746)
(-0.0,)
(0.0,)
(5.333333333333333,)
(1.0980392156862746,)
(0.7659344945225729, -2.051648780236859)
()
(-1.59375,)
(0.30277563773199445, -0.30277563773199445, 3.302775637731995, -3.302775637731995)
(0.0,)
(0.8746512909843397, -0.8746512909843397)
(11.63052471924984, -0.6305247192498401)
(-0.6169186300541414, 3.2419186300541414)
()
(-8.571428571428571,)
infinity
(0.0,)
()
()
()
()
(0.7125135770486206, -1.9432828078178515)
(-0.0,)
(0.0,)
(-1.25,)
(-0.7416198487095663, 0.7416198487095663)
(1.5,)
()
(2.1165186965758456, -2.1165186965758456)
()
(0.0,)
(0.3125,)
()
(0.125,)
(-0.16,)
(1.25, -0.0)
()
(-1.2857142857142858, -0.5)
(-0.06389087666442184, 1.5344791119585393)
()
()
(-0.8312834773906471, 0.9497045300222261)
(0.0,)
(-0.5833333333333334,)
(0.0,)
()
(0.816496580927726, -0.816496580927726, 0.0)
()
(12.5,)
(-0.625,)
()
(0.0, 1.05)
(1.1829441929215996, -3.099610859588266)
()
(-0.5790442358108863, 16.579044235810887)
(-1.0253606722349853, 1.3194783192938087)
(0.9671682101338347, -0.9671682101338347)
(1.0620179186859187, -1.0620179186859187)
(0.0,)
()
(0.0, 1.7888543819998317, -1.7888543819998317)
()
(0.9090909090909091,)
()
(-1.670985497016259, 0.17098549701625906)
()
(0.4028370143971126, -0.4028370143971126)
(0.5858127522061757, 1.6695083713361012, -0.5858127522061757, -1.6695083713361012)
()
()
(0.0,)
()
(-3.3333333333333335, 0.0)
()
(0.0, 2.0225995873897262, -2.0225995873897262)
(0.0, 1.2909944487358056, -1.2909944487358056)
()
(2.7509395443142717, -0.14224389214035868)
()
(1.0, 5.0)
(-0.6666666666666666, 0.6666666666666666)
(-0.19482700948640286, 46.1948270094864)
(-0.19221297496642023, -0.7707499879965427)
()
(1.7097008285302207, -1.7097008285302207)
()
(0.0,)
()
()
(4.242640687119285, -4.242640687119285)
(3.0, -1.0)
()
(2.5,)
(-0.24242424242424243,)
(0.3888888888888889,)
(-0.3952052529534663, 0.29520525295346633)
(-1.2016252288602352, 2.1561706834056897)
()
(0.3978849019222769, -0.3978849019222769)
(-7.752408263667801, 7.752408263667801)
(0.12599212598818946, 15.87400787401181)
(-8.090169943749475, 3.090169943749474)
(-0.3,)
(1.4142135623730951, -1.4142135623730951)
()
()
(25.0,)
()
(4.888888888888889,)
(0.36363636363636365,)
()
(-0.19444444444444445,)
(0.3333333333333333,)
(-1.6780833887941489, 0.02590947575067057)
()
(-1.358732440973515, 1.358732440973515)
()
(1.0947530892300874, -1.0947530892300874)
(0.0, 2.1213203435596424, -2.1213203435596424)
(0.0,)
(0.6578947368421053,)
(0.0,)
(-0.6666666666666666,)
(-0.0,)
()
(0.0,)
(-5.669671482347965, 5.669671482347965)
()
(1.3195346297530577, -2.2454605556789837)
(3.4623480186994975, -0.6498480186994975)
(-4.527608394786075, 0.027608394786074797)
()
(0.816496580927726, -0.816496580927726, 0.0)
(0.0,)
()
(0.6373774391990981, -0.6373774391990981)
(0.0,)
(0.22807017543859648,)
()
(-1.92, 0.0)
(1.0, -1.0)
(0.816496580927726, -0.816496580927726)
(2.1213203435596424, -2.1213203435596424)
(0.4523809523809524,)
(0.7142857142857143,)
(-0.0, -0.34782608695652173)
()
(-0.0,)
()
(0.0,)
(-3.2203818267800264, 0.9703818267800264)
(0.6841226701606004, -0.6841226701606004)
()
(1.2537186670009948, -1.2537186670009948)
(-0.375,)
(1.1428571428571428,)
()
(3.282202112918652, 20.717797887081346)
(-0.6923076923076923,)
()
()
(2.274926522895636, -2.274926522895636)
()
(0.9770084209183945, -0.9770084209183945, 0.0)
(2.375570435470669, -2.375570435470669)
()
(5.70801280154532, 0.29198719845467974)
(0.16666666666666666,)
(0.34,)
(-0.0,)
(0.0,)
(0.9349802888239868, -0.9349802888239868)
(1.322647352454484, -1.322647352454484)
(-11.333333333333334,)
(-0.6212607441973956, 0.6212607441973956)
(0.0, 11.0)
(0.22360679774997896, -0.22360679774997896)
()
(0.9797958971132712, -0.9797958971132712)
(0.5555555555555556,)
(0.7272727272727273,)
()
()
(0.6875,)
(0.6649952294890339, -0.6649952294890339)
()
()
(1.0434782608695652,)
(-9.954356057317856, 0.9543560573178569)
()
()
()
(0.0,)
(0.0,)
(0.6751652804971348, -0.6751652804971348, 0.9367417879781806, -0.9367417879781806)
(-0.0,)
(1.1875, -0.0)
(1.0,)
(-0.0,)
(-6.666666666666667,)
(0.7196071315718734, -0.7196071315718734)
()
()
(0.16666666666666666,)
(-2.3333333333333335,)
(2.0,)
(3.25,)
(-0.0,)
(1.2521039744486164, -1.2521039744486164)
(0.0, 1.695582495781317, -1.695582495781317)
()
(-0.0, -0.2777777777777778)
(-0.7227520913733386, 0.4427520913733386)
(0.9287087810503355, -0.9287087810503355)
()
(-0.0,)
infinity
(-0.08333333333333333,)
(-0.0,)
(-2.75,)
(-7.875,)
(-0.05263157894736842,)
(-0.8421052631578947,)
(0.17391304347826086,)
(-2.7142857142857144,)
(0.0,)
(0.48509817857489496, -0.6184315119082283)
(-5.333333333333333,)
(0.9299207086285184, -1.5181560027461654)
()
()
(1.1618315888030855, -1.1618315888030855)
(3.5355339059327378, -3.5355339059327378)
()
()
()
(1.089677410939454, -1.089677410939454)
(0.0,)
(0.0,)
(-0.1,)
(1.3228756555322954, -1.3228756555322954)
(0.0,)
(0.0, 2.2188007849009166, -2.2188007849009166)
()
(0.0,)
(-3.087072091324042, 2.024572091324042)
(0.0, -0.4303314829119352, 0.4303314829119352)
()
(0.9561278681181618, -0.9561278681181618)
(2.2651424189111307, -2.2651424189111307)
(1.1636178070022218, -1.1636178070022218)
()
(1.207368201383209, -1.207368201383209)
(0.0,)
(1.074569931823542, -1.074569931823542)
(1.0466351393921056, -1.0466351393921056)
(1.6413502685334038, -1.6413502685334038)
()
()
()
(1.791948355899746, -1.791948355899746)
()
()
(0.8928571428571429,)
(-1.0,)
(0.0, 2.165063509461097, -2.165063509461097)
(0.26631879939084613, -0.26631879939084613, 1.3275570158845726, -1.3275570158845726)
(0.0,)
()
(-2.25,)
(-0.36430005743018107, -3.9214142282841045)
()
(0.1907935098254536, -0.5241268431587869)
(-1.2,)
(-0.4666666666666667,)
(-0.0,)
(-1.8333333333333333,)
()
(0.8795873076446039, -0.8795873076446039)
(0.0, 0.7687061147858074, -0.7687061147858074)
(-0.38516480713450374, 10.385164807134505)
()
()
(-1.9090909090909092, 0.0)
(-5.333333333333333,)
(0.568771656802694, -0.7644238307157376)
(0.8944271909999159, -0.8944271909999159)
(0.0,)
(0.6494562680574173, -0.6494562680574173)
(0.43902657410553436, -0.43902657410553436)
()
()
(0.125,)
(4.0,)
()
(3.8095238095238093,)
(0.1875,)
(0.4090909090909091,)
()
(0.39735970711951313, 0.0, -0.39735970711951313)
(0.8144494968165671, -0.8144494968165671)
()
(0.21694602353471495, 1.1523603702282004, -0.21694602353471495, -1.1523603702282004)
(0.8913345186531285, -0.8913345186531285)
(0.5946035575013605, -0.5946035575013605)
(-0.75,)
()
(-0.38461538461538464,)
()
(0.37070554374489956, -32.3707055437449)
(-0.6,)
(0.0,)
(0.0,)
(-0.375,)
()
(1.0227272727272727,)
(0.3003758814227337, -2.1185576996045516)
(3.0,)
(-1.1428571428571428,)
(1.4833147735478829, -13.483314773547884)
()
()
(-16.0,)
(-0.0,)
(5.0,)
()
(0.9064761754193157, -0.9064761754193157)
(0.9661707289358286, -0.9661707289358286)
(0.5773502691896257, -0.5773502691896257, 0.8944271909999159, -0.8944271909999159)
(1.2298042226776051, -0.8131375560109385)
()
(-1.5358427467222966, 0.622799268461427)
(0.0,)
(-8.0,)
()
(-3.2674661771971607, -0.04832329648704964)
(-0.438300887330964, 1.188300887330964)
(-0.0, -7.333333333333333)
()
()
(2.114200169377735, -2.114200169377735)
(0.0,)
()
()
(14.0,)
(-0.2982456140350877, 0.0)
(-1.6666666666666667,)
(-0.16666666666666666, 0.16666666666666666)
()
(-1.2121212121212122, 0.0)
()
(0.3378724482804705, -0.4316224482804705)
(1.681725413962227, -0.7928365250733381)
()
(0.49117144689380837, -0.49117144689380837)
(1.1547005383792515, -1.1547005383792515)
(1.2660425964051327, -1.2660425964051327)
(-0.36363636363636365, 0.0)
(-0.0, -15.0)
(-1.5476644848141936, 0.9476644848141935)
(1.0052819270912907, -1.0052819270912907)
(1.021774933870544, -1.021774933870544)
()
(1.4697778401749317, -1.4697778401749317)
(1.0087897331642384, -1.0087897331642384)
(0.9816932636288238, -0.9816932636288238)
(-0.9785670221136764, 1.9160670221136764)
()
(0.5232681184722836, -0.5232681184722836)
()
()
()
()
(0.8023294659233481, -0.8023294659233481, 3.21811550882052, -3.21811550882052)
()
(1.8,)
(-2.2,)
(0.0,)
(0.7598356856515925, -0.7598356856515925)
()
(0.0,)
()
(0.3684210526315789,)
(0.1746031746031746, -0.0)
()
(0.0,)
(-1.25,)
(0.0,)
(0.6666666666666666, -0.6666666666666666, 1.4142135623730951, -1.4142135623730951)
(1.136802718510751, -1.136802718510751)
(0.0,)
(3.0,)
(0.8540496217739157, -2.8540496217739157)
()
()
(0.0,)
()
(0.5608746434061805, -0.5608746434061805)
()
(-0.25, 0.0)
(1.0578663654884608, -0.280088587710683)
()
(3.872983346207417, -3.872983346207417)
(0.9303241636096955, -0.9303241636096955)
(-0.265407394511503, 0.8563164854205939)
(-6.0, 2.6666666666666665)
(-2.4, 0.0)
(0.8495279234516212, 0.2615831876594899)
(-2.731038816577165, 13.731038816577165)
()
(0.0,)
(1.8684633533551063, -1.8684633533551063)
(3.499285355383067, -3.499285355383067)
(-0.7952326839756964, 3.3952326839756966)
(-0.1590909090909091,)
(-1.950876884640933, 0.544626884640933)
()
(7.5, -0.0)
(0.8421052631578947, -1.0)
(1.2817398889233116, -1.2817398889233116)
(2.0, -0.0)
()
(0.0,)
(-1.224744871391589, 1.224744871391589)
()
(0.5516772843673705, -0.5516772843673705)
()
()
(0.16303832679774605, -2.3852605490199683)
(-0.6111111111111112,)
(-0.2777777777777778, 0.0)
()
infinity
(-0.0,)
(-0.0,)
()
(0.9797958971132712, -0.9797958971132712)
(1.2209471671615688, -1.2209471671615688)
(0.0, 2.0, -2.0)
()
()
(-0.7272727272727273, 0.0)
()
(-7.2, 0.0)
(-0.07142857142857142,)
(0.42857142857142855,)
(0.0,)
(0.6396021490668313, -0.6396021490668313)
()
(1.5096140842194778, -1.5096140842194778)
(0.8507331335123524, -0.8507331335123524)
(0.0,)
infinity
(0.0, 0.45454545454545453)
(-0.47776654295295456, 0.47776654295295456)
(-0.021782267706180785, -0.47821773229381925)
(-0.7631291649214761, 0.2848682953562587)
(1.0769230769230769,)
(0.8920078912110341, -0.8920078912110341)
(0.0,)
(0.30618621784789724, -0.30618621784789724)
(-0.5686097543998923, -11.431390245600108)
(-0.8019402855502848, 1.7769402855502847)
()
(-0.0,)
(-0.29411764705882354,)
()
(1.299830208966114, -1.1539968756327807)
()
(0.0,)
(-3.968626966596886, 3.968626966596886)
(-0.7862996478468912, 2.1196329811802244)
(-0.35,)
()
(1.5,)
(-0.0,)
(2.9435595774162695, -0.5435595774162696)
(-4.666666666666667,)
(-0.4308302312490358, 0.6413565470385095)
()
(-0.029411764705882353,)
(0.0,)
(0.5909090909090909,)
()
(0.6671592881559015, -0.6671592881559015)
()
(-0.2549247876391758, -1.3075752123608242)
(1.4285714285714286, -0.0)
(-0.12543706828052237, -35.87456293171948)
(2.0, -14.0)
()
(-4.0,)
(1.5066390451925045, -1.5066390451925045)
(2.03100960115899, -2.03100960115899)
()
(-0.0,)
(-0.5283814388065035, 1.2617147721398367)
(1.7297058540778354, -1.3297058540778355)
(-0.2916666666666667,)
(1.5833333333333333,)
()
()
(1.9309234659601173, -1.9309234659601173)
(-0.10227272727272728,)
(-3.174979270186815, 0.174979270186815)
(0.0,)
(0.8183489285358218, -0.8183489285358218)
(1.0139731335813646, -1.0139731335813646)
(0.9354143466934853, -0.9354143466934853)
()
()
(-1.0, 1.5238095238095237)
(0.7954424202317166, -0.7954424202317166)
(0.0,)
(0.779063234695033, -0.779063234695033)
()
()
(1.3932610920384718, -1.3932610920384718)
(1.4801656089845705, -1.4801656089845705)
()
(1.3710592374814752, -1.3710592374814752)
(-0.20512820512820512,)
(0.782608695652174,)
()
()
(-0.3,)
(-1.2941176470588236,)
()
(1.4711718343876594, -0.8651112283270534)
(42.0,)
()
()
()
(-0.35,)
(0.0,)
()
(0.8685391524074826, -0.8685391524074826)
(0.7322085767006884, -0.7322085767006884)
(0.8944271909999159, 1.0, -1.0, -0.8944271909999159)
(0.910404712570808, -0.910404712570808)
(-0.14285714285714285, 0.0)
()
(2.3021216859914384, -2.4132327971025496)
(0.0,)
(0.14108476419276145, -0.14108476419276145)
(1.0488088481701516, -1.0488088481701516)
()
(0.0,)
(-0.9633755102973721, 0.43705972082368794)
()
(-0.6,)
()
(0.8593887047640296, -0.8593887047640296)
()
()
(0.0,)
()
(1.2243466129107412, -0.891013279577408)
()
(1.6923076923076923,)
(0.6318126888571017, 1.65640268928069, -0.6318126888571017, -1.65640268928069)
(0.0,)
(0.6506074890898748, -0.6506074890898748)
(0.9514257964462476, -0.9514257964462476)
(0.3051265085358403, -0.3051265085358403)
(0.0,)
(-0.7717407436063668, 0.39078836265398587)
()
(-1.1833701243748507, 0.7042034577081839)
(-2.3181818181818183,)
(0.0, 6.333333333333333)
(2.1213203435596424, -2.1213203435596424)
infinity
(-0.36,)
()
(0.5, -0.5)
()
()
(2.0,)
()
(0.0, 5.428571428571429)
(-2.0683216756735394, 5.318321675673539)
(0.9036020036098449, -0.9036020036098449)
()
(0.4550115713161715, -0.4550115713161715)
(0.0, 1.25, -1.25)
()
(0.0,)
()
(0.42857142857142855,)
(-0.0,)
(2.5,)
()
(3.082207001484488, -3.082207001484488)
(-0.0, -1.0)
(-0.6666666666666666,)
()
()
()
(-0.4255394224278551, 0.22988724851481163)
(4.69041575982343, -4.69041575982343)
(0.6614378277661477, -0.6614378277661477)
(1.3354839887301377, -1.3354839887301377)
(0.5204164998665332, -0.5204164998665332)
()
(-1.9390798846260002, 0.9845344300805455)
()
(0.38838544759816807, 1.1918830964161469, -0.38838544759816807, -1.1918830964161469)
(0.0,)
(1.5414720503573633, -1.5414720503573633)
(-0.0,)
(-0.35294117647058826,)
()
(0.0,)
()
(1.2777777777777777,)
(0.0,)
(0.3333333333333333,)
(-0.46,)
()
(0.7333333333333333,)
()
(0.0,)
(0.778498944161523, -0.778498944161523, 0.0)
(0.0, 0.8660254037844386, -0.8660254037844386)
(0.6267831705280087, -0.6267831705280087)
(0.7844645405527362, -0.7844645405527362)
()
(4.0,)
infinity
(3.0, -0.0)
(1.1177804427682116, -5.367780442768211)
(0.8853858478564675, -2.6353858478564676)
(0.7377879464668811, -0.7377879464668811)
(0.0,)
()
(-1.8078865529319543, 5.807886552931954)
(-0.5174489410591647, -43.482551058940835)
()
infinity
(-0.5384615384615384,)
(-1.0813469516565402, 0.6646802849898735)
(0.8684599852579667, -0.8684599852579667)
()
()
()
(1.104319196270213, -1.104319196270213)
()
(0.2586317514004039, 4.4646511193112906, -0.2586317514004039, -4.4646511193112906)
(0.0, 0.4472135954999579, -0.4472135954999579)
(1.1534212029774227, -1.1534212029774227)
(-0.16666666666666666,)
(-1.3043478260869565,)
()
(-1.6578947368421053,)
()
()
()
(0.41421356237309515, -2.414213562373095)
(-0.0, -1.0)
(-0.8571428571428571,)
(1.4375,)
(2.449489742783178, -2.449489742783178)
(2.2222222222222223, -0.0)
(0.81903625881272, -0.81903625881272)
(0.631196907822589, -0.631196907822589)
()
(1.41150031044032, -2.078166977106987)
(0.14583333333333334, -0.0)
()
(0.629948736957998, -0.629948736957998)
(1.0984762550078717, -1.0984762550078717)
(1.378404875209022, -1.378404875209022)
(0.9104714745195681, -0.9104714745195681)
()
(0.8895436175241326, -0.8895436175241326)
(-0.10416666666666667,)
(0.6666666666666666,)
(-1.4545454545454546,)
()
(-0.7142857142857143,)
()
(-0.8451542547285166, 0.8451542547285166)
(-0.13606977787650085, -3.1496445078377846)
(-9.0,)
(-1.7142857142857142,)
()
(0.014891773535060469, 1.1780906826052904)
()
(3.9268056016405164, -3.9268056016405164)
(0.5707890481927258, -0.5707890481927258, 1.2939087535306506, -1.2939087535306506)
()
(-0.0,)
(1.21875,)
(-0.0,)
(0.32142857142857145,)
(0.460387997528776, -0.460387997528776)
()
()
(-12.0,)
(1.0476190476190477,)
(0.0,)
()
()
()
(-0.5773502691896257, 0.5773502691896257)
(0.0,)
(-0.13,)
()
(0.5263157894736842,)
(1.7142857142857142,)
(-2.769230769230769, 0.0)
(3.142857142857143,)
(-0.6363636363636364,)
(1.0594124875470565, -1.0594124875470565)
()
(0.0, 1.0, -1.0)
(0.0,)
(-3.7777777777777777,)
(-9.0,)
(0.8,)
(0.06349206349206349,)
(0.0,)
(0.03125,)
(1.3125,)
(0.0,)
(0.825128306130396, -0.825128306130396)
(0.0, 2.6457513110645907, -2.6457513110645907)
(1.2437958749600448, -1.1485577797219495)
(-9.903882032022075, 0.4038820320220757)
(-5.111111111111111,)
(-0.5,)
()
infinity
(-0.0,)
(0.75, -0.0)
()
(-45.0,)
()
(0.4444444444444444, -0.0)
(2.0, 1.6)
(-0.4578900207451217, 3.457890020745122)
(-0.9610122934081686, 1.8499011822970577)
(3.3561867668161613, -0.5561867668161613)
()
(0.0,)
()
()
()
(0.46996443986114433, -0.46996443986114433)
(-1.1666666666666667,)
(1.8333333333333333,)
(-1.0,)
(0.0,)
(-1.2128018968561385, 0.4301932012039646)
(0.0,)
(0.5733844181517584, -2.906717751485092)
(0.7,)
(-0.3333333333333333,)
()
(-0.028985507246376812,)
(0.6836659202778443, -0.6836659202778443)
(1.7426236318652901, -1.7426236318652901)
(0.0,)
(-0.2857142857142857,)
(-0.0,)
(-2.0,)
(-0.04,)
(0.8211179051602561, -0.8211179051602561)
()
(1.247219128924647, -1.247219128924647)
(1.403947961188401, -1.403947961188401)
(1.5967184337873703, -1.5967184337873703)
(1.1471184961253484, -1.1471184961253484)
(-0.5476190476190477,)
(0.13157894736842105,)
(2.927443327708423, -1.5941099943750894)
(-10.666666666666666,)
(1.0,)
()
(-0.5144575812993646, 1.4952268120685954)
()
()
(0.29333333333333333,)
()
(0.0,)
(0.6666666666666666,)
(0.21212121212121213,)
(0.0, 0.5)
(-0.0, -2.8)
()
(-0.36514837167011077, 0.36514837167011077)
(1.3109843371997916, -1.3109843371997916)
(0.0,)
(1.0954451150103321, -1.0954451150103321)
(0.0,)
()
()
()
(-0.5641025641025641,)
(-0.7368421052631579,)
(-0.0,)
(-0.7453365403726208, -0.11180631677023642)
(6.375,)
(-0.8179054817356881, 3.6679054817356884)
()
(1.519671371303185, -1.519671371303185)
(0.630272162917072, -0.630272162917072)
(-0.5862344381640967, 0.8529011048307634)
(-1.1002392084403618, 1.1002392084403618)
(-0.6666666666666666, 0.0)
(-0.383544652013263, 0.9311636996323106)
(1.0, 0.05555555555555555)
()
(1.0461963146288555, -0.5461963146288555)
()
(0.6688560540599386, -0.6688560540599386)
()
(-1.0,)
(1.2132680009938959, -1.2132680009938959)
(0.7825422900366437, -0.7825422900366437)
()
(-0.0,)
(0.09090909090909091,)
(0.5,)
(5.333333333333333,)
()
()
(1.8571428571428572,)
()
()
()
(3.375, -0.0)
(-1.0, 0.0)
()
(-0.2222222222222222,)
(0.0,)
(-0.35,)
(-0.5263157894736842, 0.0)
(-0.2222222222222222, 0.0)
(-2.7078251276599326, 0.707825127659933)
(-0.11293199325010725, 5.312931993250108)
(-0.7058823529411765,)
infinity
()
()
(0.140625,)
(0.3971082659982495, -0.3971082659982495)
(0.8855036147789597, -0.8855036147789597)
()
()
(0.71039393121306, -0.8280409900365895)
(-0.8757019150440029, 0.6090352483773362)
(4.3273733406281565, -0.32737334062815676)
()
()
(0.6541160062331659, -0.7166160062331659)
(-0.64,)
(-0.5833333333333334, 1.0)
(-0.8364279616065151, 0.727732309432602)
(-11.2,)
(-0.0, -0.425)
(0.41938615689419534, -2.601204338712377)
(2.7122144504490264, -2.2122144504490264)
(0.36514837167011077, -0.36514837167011077)
()
(-0.6190476190476191,)
(-18.0,)
(-0.5,)
(0.0,)
(1.3057267000907231, -0.06659626530811434)
()
(-0.10172465076211239, -5.898275349237887)
(0.0,)
(-0.4773194914063694, -11.52268050859363)
(-1.2303008494432968, 2.980300849443297)
()
()
(-0.15926435077868534, -1.6099664184520839)
()
()
(0.816496580927726, -0.816496580927726, 0.0)
()
(1.5666989036012806, -1.5666989036012806)
(-0.75, 0.75)
(0.42857142857142855, -4.0)
()
()
(0.6352896152483166, -0.21862294858164993)
(-4.888888888888889,)
(-0.0,)
(0.04719479080399358, -5.297194790803994)
(0.5,)
(0.3627381250550058, -0.3627381250550058)
(1.3340604935148648, -1.3340604935148648)
(1.4142135623730951, -1.4142135623730951)
(-3.076923076923077,)
()
()
(2.787878787878788, -0.0)
(-0.0,)
(-1.2,)
()
()
(1.4743130930929775, -1.4743130930929775)
()
(0.0,)
(0.0,)
(0.46436553252322477, 1.0767379682190192, -0.46436553252322477, -1.0767379682190192)
()
(0.2581988897471611, -0.2581988897471611)
(0.0,)
(1.5836020361465748, -1.5836020361465748)
()
(0.0,)
()
(1.0319879145736475, -0.9538629145736476)
(-0.0,)
(-0.0,)
(-18.666666666666668,)
()
()
()
(-0.0,)
(-0.0,)
(2.0, -0.0)
(-0.7506680911664652, 0.49733475783313186)
()
(0.5721248424548514, -0.5721248424548514)
()
()
(-4.027587510099407, 0.027587510099406545)
(-0.46291004988627577, 0.46291004988627577)
()
(-6.0,)
(-6.6,)
(0.0, 0.09)
(-0.0,)
(-0.375,)
()
()
(1.9412167244272018, -1.9412167244272018)
(-0.0,)
(0.55,)
(-0.625, 0.0)
(-0.0,)
(-0.5101535859715519, 1.5518202526382183)
(0.28867513459481287, -0.28867513459481287)
(2.111111111111111,)
(-3.75,)
(4.9075364531836625, -0.4075364531836625)
()
()
()
()
()
(-0.3333333333333333,)
(1.2535663410560176, -1.2535663410560176)
(-0.28458928680426343, 8.784589286804263)
(0.8571428571428571,)
(-0.625,)
(0.0,)
(-0.47619047619047616,)
(0.5072809453871905, -0.5072809453871905)
(1.231493032383988, -1.231493032383988)
()
()
(0.59375,)
(0.7071067811865476, -0.7071067811865476)
(1.173913043478261,)
(1.68,)
(1.4142135623730951, -1.4142135623730951)
(1.0, -1.0)
(1.9038268533172307, -1.9038268533172307)
(0.5773502691896257, -0.5773502691896257)
(-0.6882472016116853, 0.6882472016116853)
(0.8388827297288179, -4.172216063062152)
(2.608695652173913,)
(1.5555555555555556,)
()
(5.5, -0.5)
(0.1568627450980392,)
(0.14705882352941177, -0.0)
(0.47058823529411764, -0.0)
()
()
(-0.047619047619047616,)
()
(-3.341647410727852, 0.26472433380477567)
(0.8755950357709132, -0.8755950357709132)
(1.6666666666666667,)
(-2.5714285714285716,)
(0.05555555555555555,)
(1.2727272727272727,)
(1.0954451150103321, -1.0954451150103321)
()
()
()
(1.3213503291764959, -1.3213503291764959)
(0.0,)
(1.1875,)
(-0.0,)
()
(0.43478260869565216,)
(-0.0, -0.25)
()
()
()
(0.0,)
(0.0,)
()
(-0.9057563901822315, 0.38401725974744894)
(1.1111111111111112, -0.0)
()
(0.6465377812072459, -0.6465377812072459, 2.362623308416221, -2.362623308416221)
(0.6981610739525017, -0.6981610739525017)
(0.6357367815394424, -0.6357367815394424)
(0.7644190450701729, -0.7644190450701729)
()
(8.785938897200182, 1.2140611027998176)
()
(0.6872614190969389, -1.1317058635413835)
(-16.5,)
(0.2222222222222222,)
(3.4285714285714284,)
(-1.6363636363636365,)
()
()
(-1.912166401019215, -0.3735478846950709)
(0.0,)
(1.5986105077709065, -1.5986105077709065)
(1.0882645778120446, -1.0882645778120446)
(0.8686842325330943, -0.8686842325330943)
()
()
(-0.19230769230769232,)
(-12.6,)
()
(1.3333333333333333,)
(0.9063269671749657, -0.9063269671749657, 0.0)
()
()
(-0.08524324276144668, 2.513814671332875)
()
(0.9333333333333333,)
(0.6511884584284247, -0.05118845842842461)
(-0.0, -0.65)
(-0.0, -1.263157894736842)
(-0.0,)
infinity
(-0.16666666666666666,)
(-0.13333333333333333,)
(-0.0, -0.84375)
(-2.0308688457449495, 0.5308688457449497)
(0.3745504004310334, 5.339735313854681)
(0.0, 12.0)
(-0.8888888888888888,)
(-2.160246899469287, 2.160246899469287)
infinity
(-3.75,)
()
(-0.17752086489026553, 7.510854198223599)
(-1.7777777777777777, 0.0)
(-0.0,)
(1.948419408897405, -1.948419408897405)
()
(1.0677899723724407, -1.0677899723724407)
infinity
(-0.6872183712900602, 0.1283948418782955)
(-0.0, -1.6)
(1.7888543819998317, -1.7888543819998317)
(0.28867513459481287, -0.28867513459481287, 0.0)
()
(-0.16666666666666666,)
()
()
(0.0,)
(0.0,)
(3.2857142857142856,)
(0.0,)
(0.0, 1.25)
(0.0,)
(-0.9230769230769231,)
(-2.8333333333333335,)
(0.42857142857142855,)
(0.25, -0.0)
()
()
(0.9799149384513157, -0.9799149384513157)
()
(0.606243479692514, -0.606243479692514)
()
(0.0, 7.666666666666667)
(2.2475478405713996, -2.8475478405713996)
(0.0,)
(2.4,)
(-0.3,)
(-1.0434782608695652,)
(-0.6666666666666666,)
()
(0.0,)
(-4.5,)
(0.42789128865256587, -0.42789128865256587)
(-6.788725415070961, 6.788725415070961)
(0.8318721203631637, -0.8318721203631637)
()
(0.0, 0.6324555320336759, -0.6324555320336759)
()
(-0.0,)
(-0.0,)
(1.8507810593582121, -1.3507810593582121)
(-4.927443327708423, -0.4058900056249106)
()
()
()
(3.082772702193063, -0.2948939143142756)
()
(2.5915819856535647, -2.5915819856535647)
(0.9490416988897763, -0.9490416988897763)
(0.0, 2.886751345948129, -2.886751345948129)
()
(0.0,)
infinity
(-0.18,)
(-1.411764705882353,)
(-0.0,)
(0.0,)
(0.4727967623694053, -0.4727967623694053)
(2.8349401868361763, -2.8349401868361763)
()
(-56.425340807103794, 0.4253408071037903)
()
()
()
()
(0.56,)
(0.0,)
(17.0,)
(-1.375,)
(3.4,)
(-0.15555555555555556, 0.0)
(0.32233897975270526, -1.504157161570887)
()
(0.3103550137191963, -0.3103550137191963)
(0.0,)
(0.0,)
(-0.0,)
(2.0,)
()
()
(1.0263217621672398, -0.5196550955005731)
(0.0, 0.75)
(-0.0, -0.15)
()
(1.094969351547421, -1.094969351547421)
()
(-1.1818181818181819,)
(-0.21212121212121213,)
(0.21924031561007518, -1.3303514267211862)
(0.6068930580206918, -0.6693930580206918)
(-0.0,)
(0.6243270361033795, -0.6243270361033795)
(1.3743685418725535, -1.3743685418725535)
(0.0,)
(2.2,)
(2.625,)
(-0.03927618111383957, -25.46072381888616)
(1.0967553948998972, -0.35991328963673935)
(7.564671854508833, -0.23133852117550013)
(1.5243943783984542, -1.5243943783984542)
(1.1813737443074313, -1.1813737443074313)
()
(-0.23076923076923078,)
(-0.6363636363636364, 0.0)
()
()
()
(-4.03598784879532, 4.03598784879532)
infinity
()
()
()
(-6.0, 0.0)
(0.6885881699046632, -0.6885881699046632)
()
(1.6434467516075624, -1.6434467516075624)
(1.0801234497346435, -1.0801234497346435)
(0.8408964152537145, -0.8408964152537145)
()
(-0.0, -4.5)
(0.392280956059262, -1.8208523846306905)
(1.0633915852640043, 0.4366084147359956)
(-22.0,)
(-0.26,)
(0.35078105935821213, -2.850781059358212)
(0.5214980013587373, -1.4381646680254037)
()
()
(0.6064738608122086, -0.6064738608122086)
(0.0,)
()
(2.0,)
(-0.9705882352941176,)
()
(-1.6030567721990845, 2.1387710579133703)
(1.0625, -1.0)
()
(0.375, -0.0)
(0.0, 0.3333333333333333)
()
()
(4.75,)
()
()
(0.2581988897471611, -0.2581988897471611)
(1.42896955728909, -1.42896955728909)
(0.9248783616061113, -0.9248783616061113)
(1.9280445489169449, -1.9280445489169449)
(1.550958391564207, -1.550958391564207)
(1.4951858587050328, -1.4951858587050328)
()
(0.0, 1.2060453783110545, -1.2060453783110545)
(0.7707793665137979, -0.7707793665137979)
(0.0,)
(-0.0,)
(1.2,)
(1.8822627197363455, -1.8822627197363455)
()
(0.3692744729379982, -0.3692744729379982)
()
()
(0.9244997998398399, -0.32449979983983984)
(-3.0990195135927845, 7.0990195135927845)
(0.6433169770932388, -32.643316977093235)
(1.8, -0.0)
()
()
(0.0,)
()
(1.0069630016068811, -1.0069630016068811)
(1.4063447128761561, -1.4063447128761561)
(6.0,)
()
(1.1262312420522684, -1.1262312420522684)
(0.816496580927726, -0.816496580927726)
()
(-0.0,)
()
infinity
(-6.571428571428571,)
()
(0.0, 0.6666666666666666)
()
(0.9090909090909091,)
(-0.42424242424242425,)
(0.55,)
(1.0,)
(-1.0352700094407323, 1.8352700094407324)
()
(-0.2708333333333333,)
(0.0,)
()
(0.0, 1.8708286933869707, -1.8708286933869707)
(0.0,)
()
(0.0,)
(0.4,)
(-0.4722222222222222,)
(1.2727272727272727,)
infinity
(0.0,)
(1.048660754518899, -1.048660754518899)
()
(0.5813381689167761, -0.5813381689167761)
()
(0.5880323438417842, -0.5880323438417842)
(0.0, 1.4907119849998598, -1.4907119849998598)
()
()
(1.1755497027723656, -1.1755497027723656)
(1.600485180440241, -1.600485180440241)
()
(3.6514837167011076, -3.6514837167011076)
(0.8660254037844386, -0.8660254037844386, 0.0)
(0.0,)
(-0.46875,)
(-1.6666666666666667,)
(0.0,)
(0.0,)
()
(0.38596491228070173,)
(-1.7777777777777777,)
(2.6666666666666665, -1.5)
()
(-0.0, -0.6666666666666666)
()
(0.7720041150419138, -0.7720041150419138)
(0.0, 1.7638342073763937, -1.7638342073763937)
()
()
(0.3,)
(0.0,)
(1.5505791769104778, -1.5505791769104778)
()
()
(4.4,)
(0.0,)
(0.5866666666666667,)
(-1.28,)
(0.8136784068572249, -0.8449284068572249)
()
()
(0.9696969696969697,)
(1.5555555555555556,)
(-1.0,)
(-0.05263157894736842,)
(0.0, 5.6)
(0.3215183109137836, 1.9007039113084387)
(1.6666666666666667,)
(-1.2727272727272727,)
()
()
()
()
(1.1798058983988962, 1.6951941016011038)
()
()
(-3.25,)
(0.0,)
()
(0.0,)
()
()
(1.1596045403530006, -1.1596045403530006)
(0.5270462766947299, -0.5270462766947299)
()
(-0.19702088627368278, -1.6918680026152062)
(-5.625, 0.0)
()
(1.1190500056442874, -5.361690692763573, 5.361690692763573, -1.1190500056442874)
()
(0.0,)
(1.4327007988227578, -1.4327007988227578)
(1.5811388300841898, -1.5811388300841898)
(-0.472335126959673, 0.5040811587057047)
()
(-0.0, -1.5)
(2.3002940561023335, -2.3002940561023335)
(0.0,)
()
()
()
(0.0, 1.2110601416389966, -1.2110601416389966)
(-0.4782608695652174,)
(-0.0,)
()
(0.816496580927726, -0.816496580927726)
()
()
infinity
()
()
()
(2.4285714285714284,)
(-4.888888888888889,)
(0.0, 1.3333333333333333, -1.3333333333333333)
()
(0.0, 1.8149704259460602, -1.8149704259460602)
()
(0.175,)
()
(0.0,)
()
()
(-0.18181818181818182,)
()
()
(-0.65,)
()
(-0.0886277763830183, 0.5128702006254425)
(-7.0, 0.0)
(2.0, 4.0, -4.0, -2.0)
()
(0.9770084209183945, -0.9770084209183945)
(1.5900870618483463, -1.0900870618483463)
(0.0, 2.5714285714285716)
()
(0.0,)
(0.13333333333333333,)
()
infinity
(0.0,)
(1.0647386021772454, -1.0647386021772454)
(0.0, 0.2672612419124244, -0.2672612419124244)
(0.2857142857142857,)
(-0.0,)
(0.85,)
(2.5,)
(-1.2727272727272727,)
(-0.0,)
(-3.111111111111111,)
()
(-2.730057728458608, 1.167557728458608)
()
(0.8911066843560503, -0.2244400176893837)
(0.75, -0.75)
(3.4285714285714284, -0.0)
(-0.0, -0.16071428571428573)
(2.4,)
(5.647058823529412,)
(4.666959842625441, -4.666959842625441)
(0.31835921141883816, -0.31835921141883816, 1.256442363383524, -1.256442363383524)
(0.9671682101338347, -0.9671682101338347)
(-4.761904761904762,)
()
(-0.0625,)
(-1.7150661971291883, 2.159510641573633)
()
(-0.0,)
(0.9375,)
infinity
(-2.0,)
(14.0,)
(-1.65,)
(1.263157894736842,)
(0.0,)
(0.0,)
()
(0.9297522943724277, -0.9297522943724277)
(0.0, 0.408248290463863, -0.408248290463863)
(0.544667747080343, -0.544667747080343)
(1.7116160011807882, 0.12171733215254532)
(0.707778735729046, -2.422064450014761)
(0.0,)
()
(1.0,)
(-4.0,)
(-9.0,)
(1.3160740129524926, -1.3160740129524926)
()
(1.2778862084925449, -1.2778862084925449)
(0.7727272727272727, -0.0)
(-4.5,)
(-0.6442630355264797, 10.24426303552648)
(-0.31271252849674425, 0.4866255719750051)
(1.0, -0.0)
()
(-0.225,)
(1.3,)
(-2.0,)
(30.560219778561034, 1.439780221438964)
(0.0,)
()
(1.6103172982817666, -2.2769839649484336)
()
(1.8666666666666667,)
()
(0.3821288092474281, -0.8052057323243512)
(-0.0,)
(2.0620192023179804, -6.06201920231798)
(0.0, 2.1908902300206643, -2.1908902300206643)
(1.0, -1.0)
(1.1273765203358126, -1.1273765203358126)
(2.0,)
()
()
(-0.1,)
(-0.0, -0.039473684210526314)
(2.880199322349037, -0.13019932234903697)
(0.8660254037844386, -0.8660254037844386)
(1.1176470588235294,)
()
()
(0.6666666666666666, -0.0)
(-0.8205128205128205,)
(1.0202122326913485, -1.0202122326913485)
()
()
(1.8589587708780686, -1.8589587708780686)
(0.6008921007522117, -0.6008921007522117, 1.0973358986918917, -1.0973358986918917)
()
(0.4,)
infinity
(0.5672041065471862, -0.5672041065471862)
()
(0.0,)
(-1.0, 1.0)
(0.3879461847989288, -0.42961285146559547)
(1.1858541225631423, -1.1858541225631423)
(0.06521739130434782,)
(-0.0,)
(0.36637999517864805, -3.509237138035791)
()
()
(-8.0,)
(-0.6136363636363636,)
()
()
(1.209607237452345, -1.209607237452345)
(0.42336107510073934, -1.3122499639896281)
(0.17647058823529413,)
()
()
(-2.180821011813866, 0.5808210118138654)
(-1.6363636363636365, 0.0)
(-0.0, -2.25)
()
(2.7779147786811644, -1.7279147786811646)
(0.0,)
(0.76,)
(1.0,)
(-0.7727272727272727,)
(0.0,)
(-2.0,)
(-1.0,)
(-0.5737104948911121, 0.804479725660343)
()
(1.875,)
(0.0,)
(0.42044820762685725, -0.42044820762685725)
(1.1755705045849463, -1.902113032590307, 1.902113032590307, -1.1755705045849463)
()
(0.8534597740106958, -0.8534597740106958)
()
(0.6076795808137692, -0.6076795808137692)
()
(0.5255748889795283, -0.5255748889795283, 1.6226096095996305, -1.6226096095996305)
()
(-0.5423261445466404, 0.5423261445466404)
(-0.16,)
infinity
()
()
()
()
(3.6666666666666665,)
(0.37796447300922725, -0.37796447300922725)
(-1.25,)
(2.0927786989579986, -1.5927786989579984)
(0.0,)
(-0.25,)
(9.0,)
(4.0,)
(-1.0909090909090908,)
()
(0.0, 0.21875)
(0.1394673416369063, -1.195022897192462)
()
(18.0,)
(0.7947194142390263, -0.7947194142390263)
(-0.7142857142857143, 1.5)
(-0.18181818181818182,)
()
(-2.0,)
(-0.0,)
infinity
()
()
()
(-0.16666666666666666,)
(0.6454972243679028, -0.6454972243679028)
(0.8864052604279183, -0.8864052604279183)
(1.2236219476031343, -1.2236219476031343)
()
()
(1.0392898776254118, -1.0392898776254118)
(-4.533333333333333,)
(-0.0,)
()
(0.875,)
(0.7004945498663729, -0.7004945498663729)
(0.4629100498862757, -0.4629100498862757, 0.0)
(0.5192591586045469, -0.5192591586045469)
()
()
()
(0.0, 0.6)
()
(0.0,)
(0.5361289105278615, -0.5361289105278615)
()
()
()
(-0.28278161742724794, 9.282781617427247)
()
(-3.36,)
(0.0,)
(1.0749209246625275, -1.0749209246625275)
(1.2070429948346606, -1.2070429948346606)
(0.729916774697782, 5.936749891968884)
(-0.0,)
(-0.0, -0.4666666666666667)
(-3.5084600192692807, 1.4251266859359475)
(0.041666666666666664,)
(-2.0, 0.0)
(0.18525668872112014, 1.660897157432726)
()
(0.95, -0.0)
(1.8095238095238095,)
(1.2666666666666666,)
()
()
(-0.0, -11.11111111111111)
(0.7825422900366437, -0.7825422900366437)
(0.0,)
()
(1.1268926368215253, -1.6268926368215253)
()
(2.1785113019775793, -0.17851130197757925)
(-1.5,)
()
