(-0.4444444444444444,)
(1.3269230769230769,)
(1.189207115002721, -1.189207115002721)
(0.0,)
()
(2.1056927652691377, -2.7306927652691377)
(0.0, 1.0)
(-0.0, -2.111111111111111)
()
(-1.5,)
(0.41885390829169555, -0.41885390829169555)
(2.5905249192095323, -0.4342749192095323)
(-0.0,)
(-0.0,)
(0.0, 0.8660254037844386, -0.8660254037844386)
()
()
(-0.5454545454545454, 0.0)
(2.7183255389890904, 0.41803809737454595)
(0.8, -0.5625)
(0.0,)
()
(0.42105263157894735,)
()
(-0.4665456669582609, 1.4665456669582608)
(0.42857142857142855,)
(0.0625,)
(0.0,)
(1.8, -0.0)
(0.47619047619047616,)
(0.7901439556497006, -0.7901439556497006)
(0.7109335136131635, -0.7109335136131635)
(3.039006562272682, -3.039006562272682)
(-4.344063736045563, 0.8440637360455634)
(-0.0,)
(-0.0, -1.0980392156862746)
(0.9063269671749657, -0.9063269671749657)
(0.0, 8.444444444444445)
(-0.19902163043246524, 2.3552716304324655)
(0.575,)
()
(-1.7545889429470327, 0.42125560961369934)
(-1.224744871391589, 1.224744871391589)
(-1.311374063769966, 0.83518358757949)
(2.1666666666666665, -0.0)
(-0.1445113885676778, -0.6054886114323221)
(-2.125,)
(-3.3333333333333335, 0.0)
()
(-0.8201593473755461, 0.8534926807088794)
()
(1.5275252316519468, -1.5275252316519468)
()
(0.0,)
()
(0.0,)
(1.0, 1.4142135623730951, -1.0, -1.4142135623730951)
infinity
